132
NM_001709_5_Homo_sapiens_brain_derived_neurotrophic_factor_BDNF_transcript_variant_4_mRNA_1                                              0.0000000 0.2634324 0.2723767 0.0185323 0.2269939 0.1571001 0.2550825 0.1825216 0.2896095 0.0124182 0.1429620 0.4554401 0.2286748 0.2810442 0.2303337 0.0316007 0.5583400 0.6053052 0.4854830 0.4864592 0.1819260 0.1707909 0.2333496 0.1509882 0.2895551 0.2785138 0.3241719 0.2812586 0.2387957 0.2511413 0.6884917 0.6000805 0.6839967 0.6025344 1.4608199 0.1492211 0.1559061 0.1545998 0.1445593 0.1473937 0.1479783 0.1518379 0.1454878 0.1250363 0.1370368 0.1777453 0.1777453 0.1455070 0.1320504 0.1276490 0.1538819 0.1447838 0.1585346 0.1641641 0.1447838 0.3133548 0.2608093 0.2608093 0.2608093 0.2635596 0.2958095 0.2838940 0.2488253 0.2361618 0.2308252 0.2309085 0.2592996 0.2830426 0.2631001 0.2571883 0.2911090 0.2515365 0.2459737 0.3270019 0.2730742 0.2708008 0.2145285 0.1844489 0.1427100 0.1472295 0.1427557 0.1442399 0.2136226 0.1831923 0.1585636 0.1458575 0.4408137 0.1317346 0.4196314 0.2395938 0.1902899 0.2259564 0.2060551 0.1966458 0.1608555 0.2341154 0.2421575 0.2347144 0.1108938 0.2472366 0.0249486 0.0217280 0.0282117 0.0185323 0.0249511 0.0283430 0.0249423 0.0217225 0.0249486 0.0091324 0.0122311 0.0282031 0.0249460 0.0282031 0.0416257 0.0315673 0.0348974 0.0284137 0.2030730 0.1377912 0.1194635 0.1379541 0.1232783 0.1335048 0.2168900 0.1257753 0.1372186 0.1503030 1.0742048 0.9066551 0.1656440 0.0860202 
NM_001270630_1_Rattus_norvegicus_brain_derived_neurotrophic_factor_Bdnf_transcript_variant_1_mRNA_1                                      0.2634324 0.0000000 0.0485357 0.3923939 0.3158446 0.2792823 0.3352481 0.2312377 0.2424114 0.2619076 1.1428452 0.7764176 0.2946999 0.3873552 0.2597495 1.5140201 0.5981650 1.0329135 0.6609223 0.7349963 0.3153246 0.3059638 1.5531876 1.3262908 0.0556515 0.0659924 0.3022292 0.0104065 0.6807789 0.7499541 0.5872609 0.5352169 0.6514040 0.5630959 1.0887285 1.5158106 0.3073943 0.5348933 0.5113676 0.2723066 0.6326326 0.2257105 0.2385178 0.2591109 0.2442141 0.2454780 0.2364501 0.2364021 0.2307796 0.2176962 0.2348069 0.2163582 0.2267648 0.2479819 0.9391550 0.3841900 0.3617210 0.3417044 1.1127744 0.3555216 0.4069502 0.3581188 1.6802908 1.5306487 0.2853901 1.5106471 0.3573227 0.3513438 0.3377064 0.3226546 0.3975452 0.7242218 1.8932177 0.4918892 0.3540107 0.4494197 0.3087650 0.2715872 0.2326904 0.3751651 0.2223122 1.6903767 0.3240071 0.2825686 0.2792590 0.2787557 0.5972270 0.3343693 1.1492015 0.2949383 1.5411710 0.3031305 0.2692809 0.2744818 1.6288282 0.3009150 0.3369677 0.3405472 0.3165174 0.3120176 0.4064157 0.3870682 0.4032379 0.3870682 0.4087293 0.4147928 0.4174632 0.4119106 0.5313807 1.8296829 1.8213567 0.4147046 0.4036111 0.4173900 0.2610903 0.4412896 0.4320255 0.4471459 0.3243282 1.3005006 0.3399276 1.4194590 0.2565483 0.2078881 0.3897905 0.2534707 0.5096784 0.2516412 1.0345493 0.9744459 0.2543424 0.2317930 
NM_001048142_1_Mus_musculus_brain_derived_neurotrophic_factor_Bdnf_transcript_variant_4_mRNA_1                                           0.2723767 0.0485357 0.0000000 0.2430889 0.3786838 0.2845862 0.4022708 0.2635863 0.1234578 0.2763890 0.2388361 0.6651539 0.3423072 0.4304239 0.1321064 0.3072309 0.7374783 0.8026779 0.7726676 0.8246089 0.3687249 0.3371677 0.3429012 0.2540229 0.0060068 0.0119580 0.3374344 0.0591311 0.0417177 0.1053324 0.6682519 0.5809555 0.6424119 0.5743499 1.0460744 0.2995324 0.3049977 0.3013803 0.3061613 0.2700148 0.2722475 0.2424980 0.2664582 0.2623155 0.2582745 0.2695789 0.2695789 0.2542826 0.2482799 0.2479297 0.2645551 0.2524899 0.2648137 0.2791133 0.2524899 0.4496140 0.4026459 0.4026459 0.4026459 0.4067347 0.4520206 0.4224205 0.3337706 0.3175270 0.3109621 0.3110593 0.3744136 0.4051568 0.3738136 0.3564436 0.4180283 0.3781833 0.3709290 0.5178497 0.4087260 0.4324168 0.3409391 0.2910756 0.2650409 0.2711911 0.2530572 0.2614945 0.3132070 0.2962733 0.2844092 0.2764500 0.5333138 0.2894705 0.4963865 0.3457133 0.2948144 0.3279470 0.3150852 0.3038528 0.2787995 0.3492250 0.3572662 0.3602453 0.2076833 0.3610369 0.2547925 0.2373411 0.2607836 0.2430889 0.2548090 0.2629019 0.2666318 0.2606736 0.2547925 0.2783717 0.2722355 0.2784259 0.2845477 0.2907811 0.2879113 0.2942631 0.3006324 0.2845523 0.3508874 0.2555280 0.2101725 0.2735299 0.2739077 0.2278941 0.4650322 0.2715114 0.2762575 0.2503483 1.3475601 1.1701039 0.3153000 0.2431109 
XM_015114598_2_PREDICTED_Macaca_mulatta_brain_derived_neurotrophic_factor_BDNF_transcript_variant_X1_mRNA_3                              0.0185323 0.3923939 0.2430889 0.0000000 0.1899285 0.1388687 0.2349139 0.1609366 0.4867363 0.0253088 0.5907712 0.5848021 0.2178431 0.2575095 0.2531287 0.4570892 0.5001160 0.7140096 0.4508593 0.4515388 0.1779162 0.1584903 0.9023032 0.7217937 0.4218407 0.4220886 0.2900549 0.4261553 0.8501605 0.8939512 0.5923756 0.5042781 0.5998676 0.5584514 1.4011948 0.7148323 0.1857785 0.3286640 0.1883886 0.1324414 0.1559931 0.1340303 0.1270378 0.1081312 0.1152166 0.1591005 0.1566190 0.1188864 0.1146031 0.1189121 0.1357698 0.1264907 0.1389477 0.1455923 0.3926304 0.2758391 0.2380803 0.2297254 0.6235664 0.2406446 0.2715417 0.2500166 0.9650971 0.9054946 0.2186974 0.8933034 0.2366429 0.2494526 0.2319839 0.2267188 0.2655384 0.4856111 0.7227442 0.2991384 0.2404008 0.2523292 0.1885371 0.1619762 0.1412170 0.1591227 0.1329409 0.6823733 0.1921594 0.1632669 0.1383557 0.1277595 0.4954127 0.1669621 0.9623819 0.2046785 0.7752335 0.2043081 0.1764342 0.1816043 0.7885843 0.2231861 0.2181138 0.2062829 0.0925004 0.2241156 0.0079980 0.0079764 0.0079762 0.0059629 0.0059637 0.0100609 0.0120712 0.0100280 0.1484181 0.4679806 0.4740952 0.0355599 0.0268441 0.0267571 0.0456177 0.0312292 0.0289598 0.0312354 0.1834662 0.6200246 0.0992070 0.6593631 0.1150882 0.1160061 0.2097867 0.1253055 0.1243483 0.1240128 0.8906967 0.7886723 0.1716175 0.0805888 
XM_005654684_3_PREDICTED_Sus_scrofa_brain_derived_neurotrophic_factor_BDNF_transcript_variant_X1_mRNA_1                                  0.2269939 0.3158446 0.3786838 0.1899285 0.0000000 0.1869886 0.1454073 0.1445473 0.3617093 0.2124923 0.1625956 0.5938157 0.2414150 0.1556552 0.2908523 0.2241364 0.5829193 0.6283989 0.5491346 0.6426060 0.2940329 0.2804380 0.3032319 0.2271093 0.3767103 0.3433603 0.3336473 0.3349003 0.3158279 0.3239802 0.5061027 0.4663559 0.5465719 0.4649002 1.0334678 0.2093728 0.1948055 0.1940861 0.2034738 0.1941904 0.1872681 0.1700350 0.1719275 0.1778851 0.1402976 0.1634635 0.1489948 0.1788877 0.1842200 0.1720070 0.1777791 0.1615447 0.1662760 0.1896528 0.1689143 0.1853031 0.1540796 0.1411601 0.1526061 0.1591403 0.1711680 0.1468154 0.1407507 0.1313836 0.1212405 0.1356320 0.1192196 0.1174967 0.1208645 0.1167334 0.1317278 0.1184684 0.1144487 0.1761286 0.1180153 0.3700391 0.1891930 0.1595575 0.1660136 0.1833626 0.1660827 0.1667617 0.3139559 0.2585316 0.2201656 0.2321616 0.3264311 0.1738325 0.2872541 0.2189164 0.1757025 0.1807477 0.1958438 0.1738302 0.1650846 0.2473431 0.2405684 0.2383924 0.2641404 0.2971344 0.1899285 0.1947755 0.2045773 0.1899285 0.1996348 0.1915476 0.1898874 0.1851224 0.1851628 0.1995689 0.1946687 0.2245343 0.2194405 0.2245343 0.2048033 0.2080748 0.2130576 0.2198211 0.2906716 0.2022842 0.1841684 0.2265211 0.2306326 0.2043192 0.2863404 0.2319987 0.2548318 0.2746051 0.6856472 0.6447399 0.2010824 0.2013236 
NM_001009828_1_Felis_catus_brain_derived_neurotrophic_factor_BDNF_mRNA_1                                                                 0.1571001 0.2792823 0.2845862 0.1388687 0.1869886 0.0000000 0.2273510 0.1291028 0.2968842 0.1584316 0.0875346 0.5301630 0.1828846 0.2296675 0.2496451 0.1530244 0.6808917 0.6202020 0.5101026 0.5579699 0.2375966 0.2358492 0.2801410 0.1849862 0.2959575 0.2910455 0.3499938 0.2979166 0.2688353 0.2989539 0.6659471 0.5316651 0.5992874 0.4938057 1.1970874 0.1623758 0.1595563 0.1582159 0.1576268 0.0284211 0.0185711 0.0955771 0.1014594 0.0600527 0.0535859 0.1334563 0.1334563 0.1098459 0.0973699 0.1015110 0.1049624 0.1049718 0.1091591 0.1139709 0.1049718 0.2841510 0.2217327 0.2217327 0.2217327 0.2186593 0.2276163 0.2354019 0.2343574 0.2162897 0.2108477 0.2217991 0.1985851 0.1987003 0.1883693 0.1865520 0.2295289 0.1917887 0.1866306 0.2742312 0.1949045 0.2426530 0.1587519 0.1370402 0.1140938 0.1184197 0.1141327 0.1288918 0.1877354 0.1641585 0.1517067 0.1434493 0.3757292 0.1372459 0.3478346 0.2096763 0.1725799 0.2075837 0.1828554 0.1787319 0.1561314 0.1880920 0.2077412 0.1951575 0.1633581 0.2744026 0.1478923 0.1344346 0.1434006 0.1388687 0.1388802 0.1534963 0.1478570 0.1433428 0.1478923 0.1529358 0.1526470 0.1573332 0.1619754 0.1666966 0.1579981 0.1533949 0.1580648 0.1592313 0.2353236 0.1236457 0.1260040 0.1532506 0.1694345 0.1342641 0.2761190 0.1506693 0.1648491 0.1731652 1.0379369 0.8662328 0.1817128 0.1123042 
XM_005216334_4_PREDICTED_Bos_taurus_brain_derived_neurotrophic_factor_BDNF_transcript_variant_X1_mRNA_2                                  0.2550825 0.3352481 0.4022708 0.2349139 0.1454073 0.2273510 0.0000000 0.1741406 0.4055052 0.2401233 0.2019603 0.5894832 0.3054881 0.0180585 0.3101700 0.2609660 0.5953262 0.5844211 0.6008851 0.6713512 0.3120157 0.3215885 0.2921116 0.2683719 0.3986862 0.3778263 0.3096403 0.3417753 0.3385578 0.3705109 0.4184687 0.3722640 0.4728208 0.4071924 0.9196319 0.2176748 0.2537734 0.2548200 0.2219917 0.2316385 0.2249625 0.2018122 0.2119990 0.2168134 0.2180672 0.1964269 0.1787912 0.2228170 0.2284753 0.2020034 0.2103280 0.2007803 0.1958662 0.2229398 0.2090279 0.0668060 0.0028913 0.0027035 0.0083135 0.0118199 0.0244079 0.0256090 0.1650828 0.1373631 0.1353033 0.1331054 0.1102586 0.1054376 0.0935614 0.0936390 0.1235498 0.0949715 0.0987335 0.1529213 0.0983123 0.4008860 0.2230559 0.1776589 0.1874451 0.2054894 0.1973330 0.2432831 0.3147370 0.2854623 0.2549735 0.2698582 0.3586405 0.2296018 0.2727670 0.2055864 0.1829182 0.1977241 0.2030512 0.1724013 0.1897053 0.3120837 0.2098943 0.2136600 0.2494223 0.2955635 0.2349139 0.2346114 0.2507236 0.2349139 0.2453892 0.2369739 0.2348677 0.2297254 0.2297711 0.2245903 0.2194733 0.2401100 0.2300356 0.2249322 0.2348720 0.2493925 0.2547299 0.2458649 0.3232703 0.1992751 0.2108983 0.2607404 0.2272119 0.2059189 0.2548403 0.2441951 0.2828097 0.2820911 0.7687092 0.6781390 0.2389837 0.2283432 
XM_038429434_1_PREDICTED_Canis_lupus_familiaris_brain_derived_neurotrophic_factor_BDNF_transcript_variant_X1_mRNA_2                      0.1825216 0.2312377 0.2635863 0.1609366 0.1445473 0.1291028 0.1741406 0.0000000 0.2677581 0.1790077 0.0999109 0.5105388 0.1982073 0.1932117 0.1981303 0.1846012 0.6051430 0.4879655 0.5103947 0.6112020 0.2559893 0.2542120 0.2780460 0.1971729 0.2682661 0.2584797 0.3279923 0.2470961 0.2328753 0.2457675 0.4603366 0.3939963 0.4802897 0.3743273 0.9812495 0.1688391 0.1714999 0.1643213 0.1637458 0.1387150 0.1325944 0.1066269 0.1179950 0.1266590 0.1235823 0.0029794 0.0027806 0.1370132 0.1240345 0.1180487 0.1248073 0.1147805 0.1187345 0.1431840 0.1204402 0.2080849 0.1860666 0.1694913 0.1825365 0.1917108 0.2053853 0.1805613 0.1808325 0.1661786 0.1548841 0.1707435 0.1848386 0.1777766 0.1581194 0.1629987 0.2076175 0.1698551 0.1652975 0.2491954 0.1693998 0.2538715 0.1526821 0.1288970 0.1152802 0.1291322 0.1153161 0.1463853 0.2026880 0.1405352 0.1404036 0.1528739 0.2659495 0.1425416 0.2729520 0.1867713 0.1616021 0.1812323 0.1803042 0.1599392 0.1747040 0.2034016 0.1952411 0.1937121 0.1841753 0.2523512 0.1696418 0.1566531 0.1740892 0.1609366 0.1696537 0.1663251 0.1609177 0.1566345 0.1652895 0.1654967 0.1652145 0.1652617 0.1696135 0.1740362 0.1465865 0.1703695 0.1748220 0.1671386 0.2149870 0.1325566 0.1225801 0.1601696 0.1836706 0.1294349 0.2449160 0.1703429 0.1994718 0.1801271 0.7180218 0.6563991 0.1692974 0.1331390 
XM_007653166_4_PREDICTED_Cricetulus_griseus_brain_derived_neurotrophic_factor_Bdnf_transcript_variant_X1_mRNA_1                          0.2896095 0.2424114 0.1234578 0.4867363 0.3617093 0.2968842 0.4055052 0.2677581 0.0000000 0.2877642 0.3459063 0.7685203 0.3665937 0.4509719 0.1679055 0.4643588 0.7338585 0.7831212 0.7049024 0.7750492 0.3745077 0.3448464 0.5865862 0.3920963 0.2920615 0.2932036 0.3605002 0.2457894 0.2675557 0.1430443 0.7840944 0.6635532 0.7747783 0.6384012 1.1788933 0.4268787 0.3065271 0.3654441 0.2930716 0.3028893 0.5587740 0.2480507 0.2724609 0.2940450 0.2822361 0.2736067 0.2735871 0.2601039 0.2540277 0.2492366 0.2621122 0.2512031 0.2628976 0.2892253 0.3483110 0.4392109 0.4218916 0.4130233 0.6506311 0.4140551 0.4737593 0.4322871 0.5979555 0.5777018 0.3536888 0.5688559 0.3933230 0.4052165 0.3857859 0.3828705 0.4495267 0.4525218 0.6588902 0.5350465 0.4086304 0.4832397 0.3223634 0.3072295 0.3003514 0.5347531 0.2882013 0.4311433 0.3904260 0.3276620 0.3373217 0.3248493 0.5615831 0.4478448 0.6888273 0.4162025 0.5311904 0.3537805 0.3678088 0.3384883 0.4699912 0.3737401 0.4575233 0.4557579 0.4450655 0.4028110 0.5101210 0.4867363 0.4952149 0.4867363 0.4791798 0.5227620 0.5100793 0.5022101 0.3407290 0.5201027 0.5200222 0.5395132 0.5346348 0.5429218 0.3043018 0.5482407 0.5598198 0.5252137 0.3866756 0.5035879 0.4683295 0.5606480 0.3253050 0.2335810 0.3933634 0.2862766 0.5807942 0.2537011 1.1402512 1.1027265 0.3291634 0.2632584 
NM_001012441_1_Pan_troglodytes_brain_derived_neurotrophic_factor_BDNF_mRNA_1                                                             0.0124182 0.2619076 0.2763890 0.0253088 0.2124923 0.1584316 0.2401233 0.1790077 0.2877642 0.0000000 0.1352179 0.4429432 0.2111900 0.2656370 0.2343549 0.0457568 0.5428600 0.5736291 0.4811775 0.4646767 0.1987938 0.1871362 0.2296027 0.1662786 0.2935909 0.2825193 0.3148851 0.2795632 0.2539117 0.2667647 0.6681674 0.5617423 0.6399826 0.5851553 1.3525121 0.1712155 0.1785703 0.1769698 0.1662971 0.1486475 0.1492152 0.1440341 0.1434006 0.1301599 0.1381721 0.1742260 0.1742260 0.1434198 0.1388777 0.1343594 0.1459581 0.1369250 0.1505781 0.1561212 0.1369250 0.2972791 0.2457634 0.2457634 0.2457634 0.2521307 0.2800459 0.2683913 0.2344510 0.2220743 0.2168196 0.2169011 0.2442883 0.2676405 0.2481330 0.2423110 0.2744390 0.2367458 0.2312685 0.3232827 0.2577199 0.2798702 0.2055701 0.1758864 0.1554466 0.1600529 0.1554949 0.1557466 0.2284547 0.1871075 0.1709864 0.1576060 0.4211672 0.1443751 0.3925785 0.2212435 0.1773553 0.2116745 0.1925928 0.1834153 0.1571821 0.2164384 0.2445893 0.2370330 0.1295221 0.2635978 0.0319416 0.0286132 0.0353166 0.0253088 0.0319448 0.0354866 0.0319335 0.0286060 0.0319416 0.0092647 0.0061449 0.0286103 0.0253063 0.0286103 0.0491948 0.0387998 0.0422429 0.0355772 0.2096321 0.1341590 0.1158604 0.1417105 0.1426320 0.1298533 0.2329467 0.1461543 0.1485858 0.1618143 1.0013979 0.8454439 0.1599186 0.0952046 
XM_011226480_3_PREDICTED_Ailuropoda_melanoleuca_brain_derived_neurotrophic_factor_BDNF_mRNA_1                                            0.1429620 1.1428452 0.2388361 0.5907712 0.1625956 0.0875346 0.2019603 0.0999109 0.3459063 0.1352179 0.0000000 0.6007958 0.1562365 0.2147952 0.2779703 0.2022720 0.5845950 0.7578117 0.4757705 0.5255240 0.2133696 0.2119603 0.4087171 0.2687820 1.2752847 1.2813685 0.3206477 1.2594242 0.2673893 0.4618692 0.5077248 0.4348401 0.5220599 0.4658509 1.1671782 0.1788828 0.2006496 0.2467667 0.2834528 0.0841722 0.6618588 0.0184358 0.0428192 0.0754722 0.0791644 0.1064975 0.1037186 0.0488662 0.0453930 0.0494155 0.0383090 0.0393845 0.0426144 0.0523209 0.3507183 0.2546246 0.2072409 0.1969870 0.8576119 0.2044781 0.2276685 0.1989615 0.3353867 0.2997811 0.1762722 0.3039122 0.1953441 0.1958897 0.1768215 0.1752199 0.2136336 0.2948550 0.7525669 0.2753552 0.1871885 0.2195388 0.1501325 0.1345964 0.0826744 0.4837046 0.0901724 0.1352831 0.1866815 0.1476910 0.1347524 0.1322196 0.3576423 0.1339712 1.0813030 0.1907148 0.3227084 0.1828286 0.1675221 0.1522615 0.1603991 0.1609824 0.1778376 0.1671446 0.5644241 0.2084625 0.5907712 0.5748058 0.6154985 0.5986734 0.6071471 0.6039197 0.5747406 0.5668889 0.2173502 0.9576033 0.9313853 0.6326517 0.6264060 0.6412783 0.1332340 0.6377518 0.6377518 0.6366911 0.2177906 0.2052240 0.5310982 0.2229185 0.1359406 0.1146600 0.2011431 0.1332936 0.7535867 0.1417727 0.8246346 0.8041038 0.1568589 0.0890588 
XM_007497196_2_PREDICTED_Monodelphis_domestica_brain_derived_neurotrophic_factor_BDNF_transcript_variant_X1_mRNA_1                       0.4554401 0.7764176 0.6651539 0.5848021 0.5938157 0.5301630 0.5894832 0.5105388 0.7685203 0.4429432 0.6007958 0.0000000 0.6942286 0.6571227 0.6396734 0.5520366 0.1975387 0.2798194 0.1422831 0.1577708 0.5701118 0.5552330 0.7230226 0.6885713 0.8601940 0.8278911 0.5404909 0.7778471 0.7218252 0.6253215 0.9792453 0.7925893 0.9417284 0.9135371 2.3501768 0.6718739 0.6416061 0.6383529 0.5867596 0.4937865 0.7225920 0.4994223 0.4888195 0.4821597 0.4973194 0.5437904 0.5018403 0.5388688 0.5488773 0.5057421 0.5240823 0.4682408 0.4932424 0.5295689 0.6760645 0.6713777 0.6475262 0.5897935 1.0869735 0.6299296 0.6660940 0.6140951 0.6934182 0.6851279 0.5168004 0.6742790 0.6555956 0.5768514 0.5613762 0.5796394 0.7463064 0.6607457 0.6929021 0.9306255 0.5768514 0.8521949 0.5017861 0.4895577 0.4838356 0.6898081 0.4839019 0.6701607 0.6690858 0.6155192 0.5736858 0.5764055 1.0750371 0.6823624 1.1267196 0.5507988 0.6813932 0.6048583 0.5606729 0.5542610 0.7810850 0.7073334 0.5694544 0.5703413 0.5976929 0.7025093 0.5973726 0.5757618 0.5767559 0.5848021 0.5757773 0.5795741 0.6032745 0.5939717 0.5047225 0.5445607 0.5191118 0.6030102 0.5936726 0.5933910 0.4141520 0.5899922 0.5993089 0.6096070 0.6046552 0.6280583 0.7001591 0.6881319 0.4259219 0.5025608 0.6742122 0.4673505 0.5914601 0.4366375 0.7089037 0.6751787 0.5628095 0.4026810 
NM_001081787_1_Equus_caballus_brain_derived_neurotrophic_factor_BDNF_mRNA_2                                                              0.2286748 0.2946999 0.3423072 0.2178431 0.2414150 0.1828846 0.3054881 0.1982073 0.3665937 0.2111900 0.1562365 0.6942286 0.0000000 0.3016466 0.2867221 0.2360076 0.7879474 0.7310745 0.7309809 0.7399552 0.3690984 0.3727495 0.3181521 0.2272644 0.3484819 0.3493002 0.4062217 0.3136328 0.3267305 0.2942519 0.5452042 0.5451946 0.5951273 0.4695360 1.0163085 0.2521413 0.2327601 0.2303559 0.2463272 0.1845471 0.1675726 0.1608578 0.1543265 0.1687988 0.1795249 0.1930156 0.1930156 0.1739819 0.1690416 0.1740423 0.1535017 0.1535143 0.1583348 0.1641891 0.1535143 0.3092005 0.2989007 0.2989007 0.2989007 0.3062921 0.3116303 0.3082872 0.2644073 0.2386537 0.2328809 0.2444986 0.2956673 0.3023454 0.3017502 0.2929600 0.3356223 0.2995359 0.2930596 0.4307960 0.3118887 0.3914467 0.2187162 0.2118309 0.1740393 0.1790989 0.1740946 0.1971500 0.2825744 0.2296039 0.2261829 0.2260305 0.3474789 0.2015529 0.3276547 0.1884684 0.1973200 0.2350243 0.2028333 0.2040616 0.1905363 0.0029717 0.2411441 0.2452446 0.2434214 0.2836224 0.2286265 0.2175336 0.2232641 0.2178431 0.2178581 0.2249317 0.2285782 0.2231861 0.2286265 0.2124862 0.2071781 0.2282945 0.2286112 0.2341000 0.2193429 0.2140337 0.2194274 0.2162128 0.3184820 0.2080082 0.1960288 0.2246409 0.2853724 0.2268042 0.3071029 0.2382745 0.2379073 0.2408603 1.1074658 0.9238515 0.0806683 0.1932465 
XM_012096129_4_PREDICTED_Ovis_aries_brain_derived_neurotrophic_factor_BDNF_transcript_variant_X2_mRNA_1                                  0.2810442 0.3873552 0.4304239 0.2575095 0.1556552 0.2296675 0.0180585 0.1932117 0.4509719 0.2656370 0.2147952 0.6571227 0.3016466 0.0000000 0.3714444 0.2913347 0.6939102 0.6083393 0.5990460 0.6444949 0.3646647 0.3755454 0.3362998 0.2963444 0.4552358 0.4304435 0.3728339 0.3949425 0.3979639 0.4052563 0.5190779 0.4466958 0.5425710 0.4801135 0.9952548 0.2548474 0.2767101 0.2867051 0.2607288 0.2378049 0.2298721 0.2038771 0.2480749 0.2189915 0.2375701 0.1984383 0.1984383 0.2364990 0.2423121 0.2481796 0.2235732 0.2348948 0.2292410 0.2366257 0.2348948 0.0727799 0.0149761 0.0149761 0.0149761 0.0180908 0.0117625 0.0087495 0.1804260 0.1497338 0.1544953 0.1545460 0.1031475 0.1072895 0.0943984 0.0944829 0.1158170 0.0905339 0.0945150 0.1446216 0.0995615 0.4134973 0.2496297 0.1974724 0.2087074 0.2142606 0.2198819 0.2605630 0.3318309 0.3016093 0.2995047 0.2851119 0.3448352 0.2466386 0.2890226 0.2144172 0.1951234 0.2025129 0.2117081 0.1917330 0.2130161 0.2950880 0.2413330 0.2390280 0.2854131 0.2987071 0.2575095 0.2571733 0.2751172 0.2575095 0.2691720 0.2599619 0.2574581 0.2517388 0.2575095 0.2632411 0.2574028 0.2750448 0.2636317 0.2578581 0.2731234 0.2735564 0.2795067 0.2698355 0.3247204 0.2238973 0.2310003 0.2929539 0.2646935 0.2399567 0.3011737 0.2844085 0.3124559 0.2973731 0.9615072 0.8393739 0.2810680 0.2660584 
XM_029555090_1_PREDICTED_Nannospalax_galili_brain_derived_neurotrophic_factor_Bdnf_transcript_variant_X1_mRNA_1                          0.2303337 0.2597495 0.1321064 0.2531287 0.2908523 0.2496451 0.3101700 0.1981303 0.1679055 0.2343549 0.2779703 0.6396734 0.2867221 0.3714444 0.0000000 0.3061419 0.5749216 0.7759759 0.6328477 0.6170089 0.3008446 0.2868293 0.4328719 0.3058556 0.2993674 0.3218845 0.2647994 0.2834066 0.2391681 0.2022322 0.5722601 0.4940560 0.6294929 0.5671935 1.2849583 0.2730089 0.2114734 0.2439616 0.2473164 0.2425434 0.4010623 0.2040351 0.1911638 0.2163201 0.2191449 0.2180614 0.2029938 0.2159748 0.1998226 0.1816221 0.1968314 0.1744364 0.1839089 0.2197256 0.3347873 0.3735965 0.3464919 0.3163168 0.4432275 0.3501094 0.3903948 0.3318829 0.5221792 0.4973267 0.2976846 0.4895357 0.3579763 0.3525075 0.3262042 0.3113689 0.3988150 0.4006162 0.4820132 0.4944125 0.3551947 0.3808063 0.2850574 0.2547980 0.2197916 0.2813611 0.2198508 0.3422538 0.3397270 0.2541286 0.2491159 0.2573679 0.5106877 0.3492203 0.5631825 0.3304574 0.4486555 0.3018053 0.3032843 0.2676612 0.3291207 0.2930208 0.2747179 0.2746480 0.2002840 0.2843868 0.2640137 0.2477768 0.2695789 0.2531287 0.2640289 0.2716019 0.2531022 0.2477506 0.2796437 0.4196824 0.4057212 0.2695110 0.2750419 0.2806682 0.2312759 0.2890982 0.2887699 0.2829498 0.2935666 0.3690386 0.2191865 0.3893060 0.2231700 0.1612975 0.3786962 0.1969797 0.4307483 0.2368886 0.9681376 0.9115595 0.2478893 0.1668393 
XM_009007854_3_PREDICTED_Callithrix_jacchus_brain_derived_neurotrophic_factor_BDNF_transcript_variant_X1_mRNA_1                          0.0316007 1.5140201 0.3072309 0.4570892 0.2241364 0.1530244 0.2609660 0.1846012 0.4643588 0.0457568 0.2022720 0.5520366 0.2360076 0.2913347 0.3061419 0.0000000 0.5357445 0.7917576 0.4724295 0.4558874 0.1748852 0.1645264 0.4030561 0.3034073 1.6993008 1.6312071 0.2952832 1.6734684 0.3121930 0.5551114 0.6209476 0.5295818 0.6045455 0.5563839 1.4097540 0.1779891 0.1799584 0.2451149 0.3052504 0.1515082 1.0088935 0.1618091 0.1493752 0.1256376 0.1370049 0.1883472 0.1800556 0.1555177 0.1417248 0.1408185 0.1640423 0.1486829 0.1617973 0.1746453 0.5922717 0.3040185 0.2708067 0.2555596 1.0494813 0.2736278 0.3063810 0.2768987 0.4368630 0.4390994 0.2357844 0.4340445 0.2692721 0.2651602 0.2577221 0.2522354 0.3022856 0.3826974 0.9205730 0.3390660 0.2559817 0.2842376 0.1930377 0.1752957 0.1452863 0.7311727 0.1453297 0.1454935 0.2122782 0.1821348 0.1513317 0.1451091 0.4585897 0.1163168 1.4648293 0.2436928 0.4017306 0.2192348 0.2121509 0.1861447 0.1653525 0.2415520 0.2468299 0.2340937 0.6044386 0.2609347 0.4637546 0.4571312 0.4571309 0.4568051 0.4577233 0.4742407 0.4637132 0.4570473 0.1161422 0.7233850 0.7201331 0.4910554 0.4835033 0.4950127 0.0356860 0.4282883 0.4385708 0.4361502 0.2019111 0.2458369 0.7269044 0.2693911 0.1280252 0.1211004 0.2067742 0.1221980 0.9066142 0.1510889 0.9573942 0.8472448 0.1778374 0.0921952 
XM_031944159_1_PREDICTED_Sarcophilus_harrisii_brain_derived_neurotrophic_factor_BDNF_transcript_variant_X1_mRNA_1                        0.5583400 0.5981650 0.7374783 0.5001160 0.5829193 0.6808917 0.5953262 0.6051430 0.7338585 0.5428600 0.5845950 0.1975387 0.7879474 0.6939102 0.5749216 0.5357445 0.0000000 0.2293221 0.1913029 0.1762646 0.6845697 0.6312683 0.5253793 0.6049615 0.7070277 0.6770351 0.6210770 0.5993240 0.6748364 0.5772535 0.7411564 0.6758987 0.7455375 0.8244686 1.9573598 0.5814366 0.5992605 0.5626364 0.5791281 0.6391940 0.6248267 0.5978844 0.5766022 0.6675085 0.5757482 0.6735793 0.5945919 0.6389054 0.6629409 0.5861320 0.6440727 0.5516959 0.5812783 0.6276149 0.5719920 0.6635693 0.6746991 0.5956426 0.6353001 0.6936546 0.7156341 0.6238161 0.5609928 0.5445261 0.5159766 0.5350796 0.6649433 0.5875186 0.6127015 0.5903994 0.7759033 0.5923641 0.6028995 1.0341408 0.6085339 1.0562326 0.6225109 0.5536942 0.5784531 0.5999149 0.5785098 0.6903568 0.9375399 0.8258220 0.6894242 0.7697102 0.8809714 0.6254964 0.7537906 0.5541291 0.5562978 0.5317246 0.5853116 0.5513131 0.6768028 0.7729872 0.5613628 0.5622196 0.5617760 0.8444260 0.4908562 0.5091470 0.5100767 0.5001160 0.5091669 0.5056014 0.5182005 0.5090925 0.4821048 0.5000883 0.5004117 0.5464196 0.5182274 0.5178900 0.5050854 0.5142599 0.5235299 0.5338404 0.6627952 0.6191870 0.5964523 0.6078803 0.5708932 0.5979394 0.7241529 0.5748120 0.5280203 0.5936565 0.6105860 0.5562013 0.6266566 0.5120651 
XM_020977976_1_PREDICTED_Phascolarctos_cinereus_brain_derived_neurotrophic_factor_BDNF_transcript_variant_X1_mRNA_1                      0.6053052 1.0329135 0.8026779 0.7140096 0.6283989 0.6202020 0.5844211 0.4879655 0.7831212 0.5736291 0.7578117 0.2798194 0.7310745 0.6083393 0.7759759 0.7917576 0.2293221 0.0000000 0.1820969 0.1300505 0.7097815 0.6781669 0.9232278 0.9048664 1.2599434 1.1897708 0.7155293 1.0348314 0.9127716 0.9703108 1.1208087 0.9507688 1.0887024 0.9394429 2.2729966 0.8466128 0.5679476 0.6208696 0.6541684 0.6312673 0.8231308 0.5461712 0.5329777 0.5971583 0.5552263 0.5124066 0.4793369 0.5843849 0.5953477 0.5616207 0.5781777 0.5187748 0.5465999 0.5845603 0.6882764 0.6499003 0.6219058 0.5742192 0.8151576 0.5737985 0.6166005 0.5741869 0.7633789 0.7606548 0.5488176 0.7485935 0.6912985 0.6122578 0.6381604 0.5941360 0.8083354 0.5975172 0.7644607 0.9734479 0.5912695 1.0246806 0.5630586 0.5088196 0.5352123 0.7080616 0.5352760 0.9108912 0.7523771 0.6657401 0.6798558 0.6997418 1.0659020 0.5329101 0.8915490 0.5544209 0.6972113 0.5861038 0.5924212 0.5360895 0.9567482 0.7450533 0.6241472 0.6014806 0.7323177 0.7541013 0.7293883 0.7254126 0.7041077 0.7140096 0.7028035 0.7448188 0.7369747 0.7253974 0.5387938 0.7676781 0.7437114 0.7566096 0.7214161 0.7211490 0.5253993 0.6945657 0.7057053 0.7068700 0.6807771 0.7705610 0.7306692 0.7741150 0.5475403 0.5852490 0.7004519 0.6273849 0.7884100 0.5017585 0.7900730 0.7854303 0.6774288 0.5272528 
XM_036763631_1_PREDICTED_Trichosurus_vulpecula_brain_derived_neurotrophic_factor_BDNF_mRNA_1                                             0.4854830 0.6609223 0.7726676 0.4508593 0.5491346 0.5101026 0.6008851 0.5103947 0.7049024 0.4811775 0.4757705 0.1422831 0.7309809 0.5990460 0.6328477 0.4724295 0.1913029 0.1820969 0.0000000 0.1007336 0.6044151 0.5764601 0.6580821 0.6485718 0.8189885 0.7657624 0.7868974 0.6489269 0.6766671 0.6644444 1.1876564 0.8408480 0.9290709 0.8904705 2.1502091 0.6045915 0.6193663 0.5985485 0.6058325 0.4897197 0.4926750 0.4585001 0.5032838 0.4509603 0.4641666 0.5010497 0.5010497 0.4941488 0.5220825 0.5316964 0.4987752 0.4808467 0.5079969 0.5038311 0.4808467 0.6532032 0.5899270 0.5899270 0.5899270 0.5566781 0.6169055 0.5994264 0.5349369 0.5814983 0.5710213 0.5710821 0.6587650 0.6349633 0.6394452 0.6380238 0.7655469 0.6162840 0.6277439 0.9550341 0.6349633 0.8946291 0.5509863 0.5463753 0.5212563 0.5119445 0.5028015 0.5549281 0.6544720 0.6445081 0.6506044 0.5965120 1.0575949 0.5191229 0.8040348 0.5644238 0.5590606 0.5914061 0.5694225 0.5753160 0.6434226 0.7447562 0.6085128 0.5960924 0.4448252 0.7738053 0.4625818 0.4593570 0.4343701 0.4508593 0.4425603 0.4730867 0.4678626 0.4593037 0.4625818 0.5037856 0.4768859 0.4951395 0.4686530 0.4682946 0.4725480 0.4468621 0.4553569 0.4728585 0.6085152 0.5679216 0.5453442 0.5427530 0.4860448 0.5441187 0.6381523 0.5173261 0.4845085 0.4771305 0.6774770 0.6934499 0.6499694 0.4908838 
XM_027852578_1_PREDICTED_Vombatus_ursinus_brain_derived_neurotrophic_factor_BDNF_transcript_variant_X1_mRNA_1                            0.4864592 0.7349963 0.8246089 0.4515388 0.6426060 0.5579699 0.6713512 0.6112020 0.7750492 0.4646767 0.5255240 0.1577708 0.7399552 0.6444949 0.6170089 0.4558874 0.1762646 0.1300505 0.1007336 0.0000000 0.6959279 0.6630402 0.7115969 0.6441090 0.8748957 0.8172117 0.7556740 0.7416894 0.7814638 0.7204560 1.3078413 1.0104989 1.0790335 1.0700397 2.6524840 0.6577510 0.6496498 0.6274452 0.6591605 0.5469710 0.5389020 0.5064964 0.5318667 0.4985350 0.5326779 0.6000664 0.6000664 0.5418130 0.5519145 0.5621767 0.5465917 0.5268967 0.5567303 0.5324236 0.5268967 0.6918687 0.6589750 0.6589750 0.6589750 0.6209148 0.6641332 0.6582310 0.6054203 0.6312718 0.6197789 0.6198259 0.6546255 0.6308381 0.6840758 0.6577707 0.7609015 0.6352359 0.6471184 0.9893944 0.6546654 0.9297719 0.5687411 0.5369168 0.5648436 0.5546796 0.5649072 0.5927823 0.7131865 0.6681864 0.6826957 0.6251499 1.1078035 0.5751533 1.0307421 0.6391823 0.5783730 0.6123022 0.6113786 0.5954793 0.6503645 0.7261250 0.6145610 0.6018376 0.4913691 0.8094096 0.4633600 0.4601082 0.4475177 0.4515388 0.4431706 0.4739591 0.4686864 0.4600545 0.4633600 0.4867434 0.4603652 0.4868044 0.4604519 0.4600881 0.4734170 0.4475121 0.4560784 0.4737354 0.6301431 0.5728196 0.5608874 0.5789549 0.5111996 0.5760352 0.7029953 0.5616884 0.4688486 0.4255747 0.7672173 0.7432452 0.6569760 0.4550900 
XM_040980297_1_PREDICTED_Ochotona_curzoniae_brain_derived_neurotrophic_factor_BDNF_transcript_variant_X1_mRNA_1                          0.1819260 0.3153246 0.3687249 0.1779162 0.2940329 0.2375966 0.3120157 0.2559893 0.3745077 0.1987938 0.2133696 0.5701118 0.3690984 0.3646647 0.3008446 0.1748852 0.6845697 0.7097815 0.6044151 0.6959279 0.0000000 0.0114714 0.2605619 0.2338008 0.3674225 0.3414808 0.4154561 0.3338899 0.2886434 0.3334020 0.7292092 0.6228547 0.7535273 0.6617603 1.7202065 0.2161746 0.2199689 0.2063104 0.2104149 0.2231507 0.2241436 0.2357836 0.2392708 0.1903815 0.1991689 0.2769288 0.2506478 0.2644923 0.2470188 0.2289159 0.2626518 0.2274950 0.2430970 0.2765888 0.2363366 0.3478174 0.3406596 0.3060265 0.3255316 0.3441305 0.3828432 0.3331799 0.3551076 0.3521337 0.3340540 0.3458629 0.3452747 0.3224517 0.2981267 0.3075221 0.3909025 0.3125604 0.3066351 0.4473304 0.3125736 0.4035789 0.2866242 0.2738949 0.2018583 0.2203212 0.2019151 0.2159618 0.2998226 0.2676068 0.2238725 0.2303929 0.5289429 0.2271029 0.4913066 0.3453155 0.3053647 0.3387016 0.3302595 0.3024387 0.2415316 0.3762337 0.3264472 0.3083526 0.1616481 0.3297070 0.1873906 0.1732547 0.1826990 0.1779162 0.1779471 0.1935248 0.1873500 0.1826146 0.1826546 0.1871361 0.1823459 0.1871092 0.1823375 0.1776434 0.1713826 0.1787789 0.1785166 0.1849406 0.3089982 0.2054919 0.2122825 0.2203246 0.2053972 0.1612645 0.3554334 0.1999167 0.2571796 0.2700523 1.1619009 1.1012422 0.2629578 0.1887952 
XM_004585440_1_PREDICTED_Ochotona_princeps_brain_derived_neurotrophic_factor_BDNF_transcript_variant_X1_mRNA_1                           0.1707909 0.3059638 0.3371677 0.1584903 0.2804380 0.2358492 0.3215885 0.2542120 0.3448464 0.1871362 0.2119603 0.5552330 0.3727495 0.3755454 0.2868293 0.1645264 0.6312683 0.6781669 0.5764601 0.6630402 0.0114714 0.0000000 0.2586773 0.2219728 0.3378443 0.3133558 0.4117261 0.3243808 0.2749733 0.3060254 0.7100808 0.6164283 0.7451369 0.6674348 1.7445411 0.2048467 0.2083490 0.1952092 0.1992614 0.2215244 0.2226268 0.2340752 0.2272911 0.1890999 0.1881884 0.2748012 0.2489188 0.2394771 0.2338675 0.2171907 0.2491736 0.2158779 0.2310987 0.2626392 0.2243793 0.3576877 0.3512842 0.3155526 0.3353673 0.3548079 0.3940039 0.3429483 0.3651150 0.3620547 0.3437275 0.3557246 0.3559546 0.3321324 0.3075466 0.3170051 0.4029366 0.3221716 0.3161983 0.4604228 0.3222369 0.3996375 0.2730029 0.2719096 0.2005428 0.2188306 0.1908873 0.1945459 0.2843264 0.2533726 0.2119939 0.2175940 0.5337136 0.2255504 0.5038000 0.3424905 0.2910102 0.3108831 0.3152162 0.2882059 0.2398462 0.3799666 0.3238618 0.3059713 0.1518011 0.3329917 0.1675951 0.1540105 0.1630840 0.1584903 0.1585188 0.1733662 0.1767902 0.1721660 0.1630428 0.1765740 0.1718981 0.1765589 0.1719004 0.1673169 0.1612565 0.1683625 0.1681116 0.1742973 0.2939819 0.1941260 0.2008782 0.2085323 0.2040347 0.1513760 0.3388064 0.1888959 0.2339522 0.2452305 1.1894391 1.1276622 0.2651963 0.1782898 
XM_013019592_1_PREDICTED_Dipodomys_ordii_brain_derived_neurotrophic_factor_Bdnf_transcript_variant_X1_mRNA_1                             0.2333496 1.5531876 0.3429012 0.9023032 0.3032319 0.2801410 0.2921116 0.2780460 0.5865862 0.2296027 0.4087171 0.7230226 0.3181521 0.3362998 0.4328719 0.4030561 0.5253793 0.9232278 0.6580821 0.7115969 0.2605619 0.2586773 0.0000000 0.2210904 1.6461487 1.5842232 0.3488887 1.7190631 0.4608394 0.3877451 0.5153035 0.3717959 0.5504903 0.4545759 1.2342028 0.3319880 0.2094333 0.3660977 0.3225174 0.2542162 1.0936125 0.2630584 0.2362148 0.2389434 0.2395734 0.2909332 0.2723449 0.2754924 0.2694225 0.2523414 0.2496106 0.2242002 0.2294925 0.2634652 0.7754870 0.3113328 0.3133075 0.2924468 1.0738462 0.3165799 0.3535191 0.3071176 0.3550755 0.3357074 0.2787169 0.3312929 0.3146651 0.3055778 0.2986722 0.3026864 0.3570335 0.6114798 1.1205215 0.4638291 0.3144406 0.4567422 0.2554545 0.2741403 0.2769251 0.9301216 0.2769911 0.4904676 0.3887101 0.3272982 0.3018765 0.2968812 0.4590252 0.3273699 1.2213808 0.2734354 0.2842549 0.3032066 0.2893064 0.2609318 0.4086706 0.3249309 0.2561120 0.2695031 0.7980012 0.3119762 0.8805332 0.8896870 0.9023096 0.9020682 0.9023064 0.9131403 0.8927754 0.8807650 0.4796682 0.7724209 0.7523907 0.9226226 0.9298810 0.9527525 0.2319520 0.9356475 0.9270565 0.9011725 0.2976573 0.3495730 0.8886040 0.3858213 0.2830383 0.2215009 0.4629333 0.2410103 1.1854252 0.2835015 0.9514264 0.8515213 0.2726144 0.2183828 
XM_020177315_1_PREDICTED_Castor_canadensis_brain_derived_neurotrophic_factor_Bdnf_mRNA_1                                                 0.1509882 1.3262908 0.2540229 0.7217937 0.2271093 0.1849862 0.2683719 0.1971729 0.3920963 0.1662786 0.2687820 0.6885713 0.2272644 0.2963444 0.3058556 0.3034073 0.6049615 0.9048664 0.6485718 0.6441090 0.2338008 0.2219728 0.2210904 0.0000000 1.5318370 1.4299192 0.2998060 1.4458714 0.2993085 0.2284241 0.5317119 0.4925812 0.6208773 0.5248739 1.3752449 0.2645984 0.1429224 0.2666862 0.2486160 0.1870048 0.9440867 0.1805378 0.1613057 0.1670176 0.1840640 0.2132892 0.2020012 0.1791803 0.1643175 0.1613791 0.1682409 0.1515310 0.1650645 0.1894556 0.5935223 0.2998937 0.2805172 0.2626855 0.8549058 0.2835477 0.3032703 0.2828162 0.2748483 0.2661470 0.2417569 0.2624305 0.2660369 0.2497919 0.2496997 0.2476165 0.3002213 0.5168117 1.0183450 0.3538426 0.2573618 0.3426247 0.2259625 0.2040121 0.1757727 0.7103135 0.1758247 0.2971295 0.2904175 0.2215521 0.2262332 0.2211702 0.3689079 0.2335422 1.2445406 0.2821083 0.2402001 0.2687835 0.2641634 0.2419883 0.3091976 0.2275915 0.2588485 0.2564962 0.6645833 0.2170818 0.7145493 0.7025459 0.7133476 0.7215691 0.7218066 0.7303367 0.6957167 0.6864978 0.3402004 0.5872454 0.5714272 0.8028964 0.7843144 0.8030200 0.1495329 0.7780339 0.7674889 0.7402105 0.2293095 0.2257084 0.6872611 0.2645748 0.1907737 0.1430998 0.2804243 0.1684731 1.0176283 0.1923001 0.9080198 0.9095885 0.1782411 0.1367442 
XM_021151236_2_PREDICTED_Mus_caroli_brain_derived_neurotrophic_factor_Bdnf_mRNA_1                                                        0.2895551 0.0556515 0.0060068 0.4218407 0.3767103 0.2959575 0.3986862 0.2682661 0.2920615 0.2935909 1.2752847 0.8601940 0.3484819 0.4552358 0.2993674 1.6993008 0.7070277 1.2599434 0.8189885 0.8748957 0.3674225 0.3378443 1.6461487 1.5318370 0.0000000 0.0245021 0.3380848 0.0534515 0.7302621 0.8846279 0.6187626 0.5437215 0.6071732 0.5727012 1.0704719 1.7960288 0.3686354 0.6330520 0.5810753 0.2809391 0.7210694 0.2586534 0.2595261 0.2793327 0.2692041 0.2866820 0.2739534 0.2588131 0.2526985 0.2422488 0.2692420 0.2465456 0.2580297 0.2841061 1.0327918 0.4426140 0.4262132 0.3990380 1.2217773 0.4304937 0.4780051 0.4174128 1.7847860 1.6239387 0.3131391 1.6024551 0.3964733 0.4014134 0.3721898 0.3559291 0.4439603 0.7922055 1.9641048 0.5494661 0.4047095 0.4585969 0.3413884 0.2944300 0.2697115 0.4339975 0.2583392 1.8123349 0.3328186 0.3154406 0.2882104 0.2944844 0.6482979 0.3608541 1.1816851 0.3139346 1.6772462 0.3384653 0.2873986 0.3065614 1.7348139 0.3555315 0.3566768 0.3594568 0.3761648 0.3835248 0.4370577 0.4161270 0.4334735 0.4161270 0.4393658 0.4461851 0.4489252 0.4429612 0.5670147 2.0145164 2.0055545 0.4508823 0.4447215 0.4599396 0.2913441 0.4866910 0.4763310 0.4804558 0.3573365 1.4515042 0.3820376 1.5221830 0.2782109 0.2343706 0.4396170 0.2758651 0.5891335 0.2669458 1.1996185 1.0515128 0.3049233 0.2488260 
XM_021192829_2_PREDICTED_Mus_pahari_brain_derived_neurotrophic_factor_Bdnf_mRNA_1                                                        0.2785138 0.0659924 0.0119580 0.4220886 0.3433603 0.2910455 0.3778263 0.2584797 0.2932036 0.2825193 1.2813685 0.8278911 0.3493002 0.4304435 0.3218845 1.6312071 0.6770351 1.1897708 0.7657624 0.8172117 0.3414808 0.3133558 1.5842232 1.4299192 0.0245021 0.0000000 0.3356896 0.0636625 0.7029042 0.8881293 0.6285278 0.5524482 0.6166749 0.5432287 1.0900310 1.6925907 0.3422711 0.5943707 0.5555052 0.2762964 0.7645317 0.2483875 0.2610105 0.2684335 0.2559056 0.2756988 0.2640243 0.2604133 0.2543535 0.2438778 0.2707379 0.2481278 0.2595189 0.2854803 1.0323523 0.4200941 0.4026653 0.3781792 1.1997440 0.4067541 0.4520405 0.3958405 1.7050878 1.5941899 0.3021206 1.5732694 0.3744324 0.3806897 0.3526991 0.3370329 0.4180491 0.7444356 1.9051658 0.5178715 0.3837267 0.4410701 0.3293015 0.2836453 0.2597531 0.4341777 0.2486651 1.7772860 0.3200383 0.3030135 0.2773626 0.2828712 0.6260984 0.3492310 1.2250275 0.3149554 1.6561934 0.3260946 0.2886378 0.2951588 1.6793643 0.3562919 0.3437460 0.3463908 0.3661168 0.3686806 0.4372249 0.4051348 0.4336587 0.4164063 0.4395199 0.4463049 0.4490304 0.4430973 0.5492652 2.0081835 1.9992652 0.4509770 0.4448468 0.4599885 0.2751526 0.4803330 0.4701418 0.4866466 0.3438735 1.3906607 0.3825184 1.4388047 0.2795552 0.2253444 0.4397411 0.2657077 0.5984325 0.2563642 1.1476965 1.0429990 0.3060262 0.2394889 
XM_004660846_2_PREDICTED_Jaculus_jaculus_brain_derived_neurotrophic_factor_Bdnf_transcript_variant_X1_mRNA_1                             0.3241719 0.3022292 0.3374344 0.2900549 0.3336473 0.3499938 0.3096403 0.3279923 0.3605002 0.3148851 0.3206477 0.5404909 0.4062217 0.3728339 0.2647994 0.2952832 0.6210770 0.7155293 0.7868974 0.7556740 0.4154561 0.4117261 0.3488887 0.2998060 0.3380848 0.3356896 0.0000000 0.3084131 0.3126659 0.3185302 0.5333978 0.4175389 0.5079511 0.4382578 1.1198799 0.2933788 0.2894182 0.2712292 0.2860131 0.3619007 0.3375813 0.3511607 0.3154783 0.3266367 0.3099627 0.3599660 0.3216416 0.3391506 0.3463429 0.3089059 0.3363166 0.3007719 0.3010796 0.3536978 0.3122094 0.3606577 0.3471918 0.3099924 0.3307138 0.3509069 0.3923600 0.3457065 0.3368190 0.3213343 0.3038550 0.3151804 0.3028554 0.2714758 0.2637779 0.2693653 0.3517652 0.2739513 0.2799196 0.4502052 0.2733441 0.5808702 0.2996607 0.2850280 0.2603089 0.2818250 0.2603742 0.3429275 0.4225131 0.3520926 0.3253371 0.3366280 0.4778811 0.3123989 0.3879912 0.3314028 0.2917288 0.2958921 0.3161167 0.2833469 0.2435477 0.4142112 0.3353435 0.3488871 0.3233787 0.4202177 0.3021097 0.2841337 0.3082785 0.2900549 0.3021262 0.3107906 0.3020568 0.2960290 0.2960816 0.2956467 0.2896051 0.3139988 0.3078081 0.3074630 0.2773372 0.2997916 0.2938237 0.2965647 0.3901974 0.3397797 0.3339138 0.3514956 0.2984751 0.2798707 0.4449504 0.3116642 0.3508077 0.3758801 1.0531719 0.9169222 0.3279502 0.2741192 
