132
NM_001709_5_Homo_sapiens_brain_derived_neurotrophi 0.0000000 0.0984202 0.0968932 0.0082178 0.0846374 0.0623542 0.0940095 0.0723209 0.1005188 0.0054972 0.0579884 0.1447291 0.0860595 0.1019844 0.0838033 0.0000010 0.1612992 0.1751304 0.1505246 0.1508613 0.0693587 0.0657049 0.0433884 0.0594262 0.1044498 0.1016814 0.1116148 0.1040049 0.0300169 0.0967203 0.1866017 0.1733237 0.1891762 0.1738026 0.2688470 0.0588502 0.0601327 0.0599302 0.0564809 0.0578898 0.0613649 0.0605837 0.0576966 0.0506193 0.0543673 0.0705793 0.0705793 0.0575814 0.0526848 0.0510329 0.0609997 0.0576764 0.0626405 0.0645934 0.0576764 0.1117732 0.0959176 0.0959176 0.1013064 0.0962912 0.1061919 0.1024982 0.0950231 0.0911794 0.0881872 0.0882795 0.0956992 0.1032748 0.0973247 0.0954258 0.1010418 0.0945864 0.0917409 0.0921883 0.0997921 0.0939060 0.0806546 0.0711311 0.0572691 0.0613621 0.0572116 0.0574248 0.0795482 0.0703184 0.0616940 0.0577854 0.1438825 0.0525694 0.1376852 0.0885033 0.0723261 0.0836597 0.0774933 0.0742333 0.0635420 0.0879173 0.0888071 0.0866546 0.0455864 0.0890619 0.0110169 0.0096134 0.0124079 0.0082178 0.0110082 0.0124601 0.0110171 0.0096137 0.0111413 0.0041308 0.0055185 0.0124375 0.0110256 0.0124375 0.0181388 0.0138498 0.0152764 0.0124707 0.0790866 0.0547697 0.0499646 0.0546663 0.0502415 0.0529539 0.0791815 0.0498526 0.0544761 0.0603433 0.2421729 0.2212039 0.0648664 0.0361711 
NM_001270630_1_Rattus_norvegicus_brain_derived_neu 0.0984202 0.0000000 0.0216505 0.1523147 0.1173286 0.1031052 0.1235608 0.0911959 0.0652488 0.0983557 0.2492850 0.1856640 0.1085423 0.1327514 0.0864198 8.9999985 0.1845998 0.2625891 0.1920449 0.2041655 0.1180110 0.1146289 1.7686336 0.2769696 0.0376319 0.0433584 0.1127387 0.0074307 8.9999981 0.0324767 0.1855019 0.1747317 0.2021157 0.1774280 0.2376281 0.2813891 0.0962350 0.0953686 0.0955527 0.0997575 0.1170565 0.0868360 0.0932247 0.0966870 0.0921733 0.0931431 0.0931431 0.0893343 0.0874063 0.0854897 0.0891907 0.0854542 0.0891395 0.0933525 0.0854542 0.1405059 0.1257552 0.1257552 0.1332994 0.1247390 0.1376919 0.1306854 0.1159801 0.1117075 0.1096463 0.3141033 0.1261218 0.1306331 0.1259351 0.1214107 0.1311218 0.1275641 0.1861479 0.1329975 0.1308972 0.1422642 0.1161483 0.1041084 0.0910151 0.0942166 0.0872571 0.1031368 0.1146559 0.1023411 0.1051487 0.1020347 0.1614375 0.1036939 0.2136641 0.1169894 0.2766470 0.1112455 0.1079653 0.1044447 0.2823839 0.1105808 0.1214165 0.1231124 0.0900808 0.1088023 0.1568408 0.1500671 0.1587000 0.1500671 0.1566348 0.1596979 0.1609996 0.1587087 0.0949463 0.0986645 0.2185216 0.1611732 0.1603956 0.1655682 0.1006746 0.1679054 0.1702364 0.1032783 0.1156186 0.2755786 0.0784561 0.2917349 0.0980827 0.0820000 0.1357513 0.0973646 0.2445989 0.0940492 0.2635710 0.2552216 0.0988903 0.0910913 
NM_001048142_1_Mus_musculus_brain_derived_neurotro 0.0968932 0.0216505 0.0000000 0.0878695 0.1247493 0.0994380 0.1312930 0.0949161 0.0487498 0.0986441 0.0871470 0.1859661 0.1171223 0.1384261 0.0519652 0.0000010 0.1950995 0.2036434 0.2021531 0.2080122 0.1217067 0.1134158 0.0433925 0.0914713 0.0027770 0.0055376 0.1161432 0.0261366 0.0146327 0.0422045 0.1853224 0.1728446 0.1847395 0.1683132 0.2250023 0.1048722 0.1042142 0.1037806 0.1053341 0.0950788 0.0997490 0.0876092 0.0939457 0.0933761 0.0906000 0.0968485 0.0968485 0.0900903 0.0881796 0.0880661 0.0937895 0.0900482 0.0937370 0.0979751 0.0900482 0.1447744 0.1314575 0.1314575 0.1347243 0.1319476 0.1433622 0.1363758 0.1168762 0.1126353 0.1091018 0.1092267 0.1254723 0.1339078 0.1252911 0.1208497 0.1303556 0.1284342 0.1249179 0.1321746 0.1341769 0.1326387 0.1152679 0.1013635 0.0939972 0.1002076 0.0902496 0.0922164 0.1066656 0.1012418 0.0974675 0.0964236 0.1601599 0.1013669 0.1525821 0.1165992 0.1011209 0.1100323 0.1068013 0.1033157 0.0978746 0.1191875 0.1169268 0.1171002 0.0765760 0.1174462 0.0916739 0.0859820 0.0933793 0.0878695 0.0915708 0.0938944 0.0953081 0.0933824 0.0928951 0.1002756 0.0984211 0.0989460 0.1008995 0.1028602 0.1010557 0.1031379 0.1051142 0.0996806 0.1178844 0.0895156 0.0793979 0.0960669 0.0952442 0.0827219 0.1392499 0.0955388 0.0967002 0.0899967 0.2731233 0.2545339 0.1092342 0.0878984 
XM_015114598_2_PREDICTED_Macaca_mulatta_brain_deri 0.0082178 0.1523147 0.0878695 0.0000000 0.0753758 0.0557310 0.0913715 0.0670230 0.1678638 0.0110976 0.1188246 0.1900369 0.0823815 0.0944970 0.0968752 9.0000000 0.1566278 0.2131568 0.1419770 0.1422652 0.0708526 0.0639829 1.6351897 0.2415187 0.1620476 0.1606275 0.1065065 0.1641346 6.1168174 0.0879799 0.1781705 0.1615218 0.1831797 0.1731627 0.2633026 0.1310015 0.0732304 0.1245015 0.0613490 0.0527211 0.0545250 0.0540210 0.0529319 0.0442445 0.0481797 0.0638335 0.0653514 0.0478516 0.0462234 0.0497116 0.0543837 0.0529147 0.0576922 0.0578897 0.1064828 0.1046939 0.0885544 0.0895383 0.1018668 0.0889058 0.0986034 0.0958101 0.0932557 0.0894299 0.0874816 0.2837420 0.0883463 0.0965908 0.0909073 0.0890890 0.0933645 0.0946029 0.1922124 0.0844788 0.0932322 0.0883643 0.0749369 0.0658440 0.0589305 0.0613641 0.0557223 0.1432220 0.0724531 0.0634308 0.0567192 0.0512010 0.1654805 0.0692116 0.2892825 0.0823315 0.1245477 0.0796507 0.0719944 0.0720517 0.1324950 0.0842183 0.0846129 0.0806646 0.0491722 0.0816641 0.0044410 0.0044351 0.0044299 0.0033183 0.0033151 0.0055751 0.0066829 0.0055567 0.0027485 0.0097299 0.0368096 0.0194318 0.0147366 0.0147092 0.0204717 0.0170292 0.0158373 0.0122395 0.0721993 0.2192862 0.0432961 0.2275858 0.0488701 0.0483521 0.0802395 0.0515892 0.0625355 0.0506137 0.2311027 0.2157395 0.0696592 0.0352085 
XM_005654684_3_PREDICTED_Sus_scrofa_brain_derived_ 0.0846374 0.1173286 0.1247493 0.0753758 0.0000000 0.0699893 0.0605727 0.0590832 0.1234189 0.0794075 0.0652628 0.1807769 0.0871209 0.0614724 0.1059917 0.0000010 0.1731725 0.1839581 0.1613754 0.1778564 0.1093747 0.1053033 0.0257007 0.0864789 0.1340369 0.1244646 0.1184294 0.1233630 0.0235604 0.1261584 0.1619101 0.1513873 0.1676875 0.1518510 0.2212323 0.0818660 0.0751706 0.0750764 0.0784493 0.0717754 0.0729848 0.0643720 0.0677331 0.0675672 0.0569554 0.0630394 0.0607765 0.0666836 0.0684788 0.0677287 0.0665888 0.0641209 0.0658388 0.0702364 0.0662933 0.0756042 0.0610530 0.0589300 0.0657965 0.0627388 0.0667166 0.0609168 0.0587738 0.0552984 0.0511217 0.0562974 0.0481916 0.0497568 0.0511084 0.0495109 0.0511237 0.0501471 0.0482840 0.0542861 0.0498193 0.1166398 0.0733747 0.0639212 0.0657692 0.0730636 0.0658339 0.0667869 0.1056926 0.0901826 0.0828058 0.0832820 0.1153968 0.0682577 0.1045219 0.0832562 0.0684937 0.0711725 0.0753798 0.0681200 0.0658441 0.0890415 0.0889204 0.0885222 0.1007308 0.1024983 0.0753758 0.0771341 0.0805137 0.0753758 0.0788226 0.0756951 0.0753783 0.0736270 0.0750063 0.0802549 0.0785012 0.0876146 0.0858050 0.0876146 0.0812735 0.0817776 0.0835575 0.0857173 0.1030734 0.0781738 0.0739439 0.0865608 0.0891167 0.0802376 0.1029434 0.0893854 0.0942804 0.0979333 0.1943166 0.1868796 0.0773838 0.0790173 
NM_001009828_1_Felis_catus_brain_derived_neurotrop 0.0623542 0.1031052 0.0994380 0.0557310 0.0699893 0.0000000 0.0840324 0.0524852 0.1017411 0.0626263 0.0369454 0.1600582 0.0696297 0.0844756 0.0900395 0.0000010 0.1873966 0.1782804 0.1562665 0.1663040 0.0874632 0.0871138 0.0284976 0.0705552 0.1053289 0.1043745 0.1162995 0.1087987 0.0146839 0.1142950 0.1822489 0.1599848 0.1702760 0.1497982 0.2411336 0.0640252 0.0618170 0.0616073 0.0615642 0.0125082 0.0085814 0.0396096 0.0415360 0.0257118 0.0228570 0.0541421 0.0541421 0.0446748 0.0399357 0.0415336 0.0430353 0.0429954 0.0446051 0.0463892 0.0429954 0.1015234 0.0821671 0.0821671 0.0909574 0.0816031 0.0842846 0.0862649 0.0878591 0.0822422 0.0793533 0.0829375 0.0749396 0.0748359 0.0714359 0.0711153 0.0813450 0.0737330 0.0711883 0.0780166 0.0733791 0.0857079 0.0616764 0.0546412 0.0463946 0.0499944 0.0463494 0.0513784 0.0709850 0.0636626 0.0587520 0.0564905 0.1249572 0.0546294 0.1160026 0.0775318 0.0658968 0.0770953 0.0693545 0.0677730 0.0611345 0.0714341 0.0770388 0.0730648 0.0653579 0.0970125 0.0590869 0.0540664 0.0572913 0.0557310 0.0556769 0.0609582 0.0590887 0.0574051 0.0598194 0.0616300 0.0616145 0.0624958 0.0642082 0.0659283 0.0623999 0.0607607 0.0624606 0.0627147 0.0879921 0.0497352 0.0529083 0.0599682 0.0660352 0.0531360 0.0958162 0.0594121 0.0636381 0.0678089 0.2388741 0.2158468 0.0696112 0.0460313 
XM_005216334_4_PREDICTED_Bos_taurus_brain_derived_ 0.0940095 0.1235608 0.1312930 0.0913715 0.0605727 0.0840324 0.0000000 0.0701512 0.1351514 0.0886604 0.0805485 0.1815690 0.1060567 0.0081631 0.1129537 0.0000010 0.1786268 0.1751777 0.1736664 0.1853503 0.1152990 0.1185100 0.0385828 0.1005001 0.1409543 0.1353376 0.1125900 0.1255879 0.0235604 0.1343099 0.1399700 0.1291950 0.1526270 0.1377168 0.2064426 0.0860855 0.0955712 0.0958976 0.0859505 0.0843856 0.0876754 0.0758043 0.0825481 0.0812143 0.0844630 0.0745751 0.0718845 0.0819616 0.0838221 0.0789620 0.0781531 0.0787679 0.0769973 0.0820754 0.0810973 0.0302534 0.0013340 0.0012933 0.0016821 0.0053903 0.0109646 0.0119488 0.0679481 0.0573580 0.0563087 0.0550902 0.0457136 0.0458218 0.0410184 0.0410711 0.0488833 0.0413314 0.0428476 0.0417867 0.0428466 0.1269734 0.0853304 0.0707129 0.0740135 0.0820691 0.0774690 0.0922381 0.1075044 0.0993701 0.0952782 0.0960917 0.1235989 0.0874293 0.1010887 0.0801201 0.0715847 0.0776403 0.0784903 0.0688004 0.0748590 0.1080758 0.0808219 0.0823982 0.0961430 0.1021861 0.0913715 0.0912592 0.0967217 0.0913715 0.0949673 0.0917655 0.0913747 0.0895383 0.0916219 0.0896154 0.0878204 0.0931130 0.0895487 0.0877229 0.0918961 0.0964267 0.0982887 0.0948787 0.1125879 0.0776851 0.0846201 0.0986460 0.0887475 0.0812410 0.0936810 0.0939558 0.1044599 0.1009623 0.2086889 0.1935216 0.0896884 0.0891153 
XM_038429434_1_PREDICTED_Canis_lupus_familiaris_br 0.0723209 0.0911959 0.0949161 0.0670230 0.0590832 0.0524852 0.0701512 0.0000000 0.0980244 0.0708028 0.0431177 0.1648301 0.0756735 0.0731555 0.0785966 0.0000010 0.1802288 0.1555158 0.1561255 0.1761708 0.0986733 0.0982818 0.0452572 0.0786065 0.1023873 0.0996398 0.1187799 0.0967274 0.0235604 0.0975707 0.1496313 0.1347039 0.1543375 0.1283257 0.2161517 0.0690653 0.0684206 0.0663471 0.0663025 0.0557168 0.0546023 0.0442177 0.0504523 0.0519767 0.0523029 0.0013540 0.0013121 0.0554244 0.0505900 0.0504494 0.0507358 0.0489638 0.0505436 0.0574043 0.0508799 0.0821680 0.0709763 0.0684298 0.0737868 0.0727410 0.0769879 0.0721779 0.0745873 0.0692207 0.0642503 0.0697237 0.0709450 0.0719065 0.0647254 0.0665918 0.0753107 0.0697331 0.0670270 0.0700034 0.0686811 0.0916014 0.0626155 0.0541398 0.0492238 0.0547674 0.0491771 0.0608454 0.0773571 0.0561348 0.0589237 0.0610318 0.0988908 0.0593665 0.1009812 0.0743212 0.0654503 0.0723448 0.0721642 0.0650979 0.0712757 0.0774825 0.0772876 0.0769642 0.0762053 0.0916650 0.0703953 0.0653494 0.0719502 0.0670230 0.0703255 0.0689040 0.0671574 0.0654797 0.0698510 0.0698677 0.0698529 0.0686353 0.0703250 0.0720216 0.0615896 0.0702872 0.0719830 0.0688748 0.0818139 0.0557770 0.0523397 0.0656710 0.0751030 0.0549228 0.0925001 0.0699941 0.0798145 0.0708726 0.2025278 0.1915194 0.0693762 0.0566392 
XM_007653166_4_PREDICTED_Cricetulus_griseus_brain_ 0.1005188 0.0652488 0.0487498 0.1678638 0.1234189 0.1017411 0.1351514 0.0980244 0.0000000 0.1004512 0.1109538 0.2160352 0.1240578 0.1414311 0.0682358 8.9999988 0.2002463 0.2164542 0.1895527 0.1996717 0.1302642 0.1220104 0.3530824 0.1416492 0.0789930 0.0801896 0.1214875 0.0666442 0.6924266 0.0312400 0.2069378 0.1892904 0.2116487 0.1838270 0.2391223 0.1236969 0.1083025 0.1296618 0.1052872 0.1024126 0.1063367 0.0889299 0.0987688 0.1012165 0.1001108 0.0965872 0.0999564 0.0914545 0.0895170 0.0910827 0.0928313 0.0925375 0.0961972 0.1007578 0.1108077 0.1469777 0.1343789 0.1373332 0.1471465 0.1332859 0.1464358 0.1422483 0.1250286 0.1245962 0.1238522 0.1882048 0.1280602 0.1368809 0.1308958 0.1303591 0.1354051 0.1310917 0.1728527 0.1327098 0.1371563 0.1443143 0.1126252 0.1084306 0.1077290 0.1112883 0.1039061 0.1260356 0.1276379 0.1106312 0.1170321 0.1106295 0.1756025 0.1492765 0.2164665 0.1414430 0.1396837 0.1218446 0.1278069 0.1184087 0.1326877 0.1261659 0.1458516 0.1458466 0.1291199 0.1260793 0.1747386 0.1678638 0.1703003 0.1678638 0.1660224 0.1776906 0.1747472 0.1724406 0.0983584 0.1021380 0.1307918 0.1822786 0.1816724 0.1840160 0.1082993 0.1842676 0.1873422 0.1308564 0.1259675 0.1695020 0.0906919 0.1851773 0.1125405 0.0860789 0.1296454 0.1015545 0.1902646 0.0906891 0.2587104 0.2535710 0.1172459 0.0953955 
NM_001012441_1_Pan_troglodytes_brain_derived_neuro 0.0054972 0.0983557 0.0986441 0.0110976 0.0794075 0.0626263 0.0886604 0.0708028 0.1004512 0.0000000 0.0548596 0.1422106 0.0804133 0.0965337 0.0855149 0.0000010 0.1589180 0.1692243 0.1499678 0.1461941 0.0748348 0.0711037 0.0433884 0.0646325 0.1062750 0.1034885 0.1093653 0.1039320 0.0300169 0.1030925 0.1836006 0.1657902 0.1812911 0.1704864 0.2586831 0.0662103 0.0674862 0.0672496 0.0636965 0.0581413 0.0616415 0.0574765 0.0565177 0.0524112 0.0546005 0.0690639 0.0690639 0.0564045 0.0548300 0.0531535 0.0578682 0.0545621 0.0595023 0.0614320 0.0545621 0.1062012 0.0905451 0.0905451 0.0944702 0.0923960 0.1006763 0.0970248 0.0897061 0.0859123 0.0830132 0.0830991 0.0903336 0.0978237 0.0919542 0.0900779 0.0954500 0.0891975 0.0864327 0.0905263 0.0943604 0.0962364 0.0772880 0.0678566 0.0621067 0.0664286 0.0620434 0.0612602 0.0838979 0.0719763 0.0656710 0.0616567 0.1393619 0.0573611 0.1309248 0.0827651 0.0683404 0.0794599 0.0734293 0.0702070 0.0620031 0.0822354 0.0892284 0.0870620 0.0523403 0.0936723 0.0139481 0.0125188 0.0153599 0.0110976 0.0139368 0.0154256 0.0139484 0.0125191 0.0141076 0.0041614 0.0027645 0.0125288 0.0111064 0.0125288 0.0211643 0.0168063 0.0182567 0.0154140 0.0811371 0.0532561 0.0484090 0.0561487 0.0571099 0.0514458 0.0836139 0.0568634 0.0582761 0.0642104 0.2330000 0.2124319 0.0629069 0.0395792 
XM_011226480_3_PREDICTED_Ailuropoda_melanoleuca_br 0.0579884 0.2492850 0.0871470 0.1188246 0.0652628 0.0369454 0.0805485 0.0431177 0.1109538 0.0548596 0.0000000 0.1708675 0.0622218 0.0809754 0.0980052 0.2654428 0.1805817 0.2142528 0.1510170 0.1612237 0.0846389 0.0843008 0.2598247 0.0985956 0.2631017 0.2638397 0.1178234 0.2664875 0.1616233 0.0985303 0.1640549 0.1484524 0.1647293 0.1514030 0.2388552 0.0804829 0.0706274 0.0703777 0.0703294 0.0354167 0.0347051 0.0083062 0.0184377 0.0321660 0.0322948 0.0447347 0.0447347 0.0213578 0.0199112 0.0213935 0.0169322 0.0169183 0.0183793 0.0228477 0.0169183 0.0992108 0.0787001 0.0787001 0.0981747 0.0781649 0.0849478 0.0792018 0.0777408 0.0740519 0.0722605 0.1116974 0.0748439 0.0785660 0.0713500 0.0710304 0.0775095 0.0728274 0.1257185 0.0779952 0.0751754 0.0804891 0.0617406 0.0562981 0.0354415 0.0380433 0.0385807 0.0435658 0.0714677 0.0587272 0.0556830 0.0534616 0.1222132 0.0518615 0.2006146 0.0701099 0.0709039 0.0715045 0.0622292 0.0623824 0.0693893 0.0639703 0.0716425 0.0677630 0.0716708 0.0780059 0.1188246 0.1148345 0.1245853 0.1186816 0.1227082 0.1212314 0.1151117 0.1131270 0.0513984 0.0581221 0.1251736 0.1291267 0.1284588 0.1310371 0.0560859 0.1267126 0.1287587 0.0563631 0.0840028 0.0715466 0.0429146 0.0762823 0.0565844 0.0483235 0.0795265 0.0560458 0.1689028 0.0577540 0.2277488 0.2250142 0.0645718 0.0383121 
XM_007497196_2_PREDICTED_Monodelphis_domestica_bra 0.1447291 0.1856640 0.1859661 0.1900369 0.1807769 0.1600582 0.1815690 0.1648301 0.2160352 0.1422106 0.1708675 0.0000000 0.1873552 0.1867884 0.1918833 4.3386725 0.0772713 0.1081523 0.0550105 0.0616543 0.1742922 0.1717368 0.2889443 0.2064953 0.2010465 0.1958499 0.1692129 0.1855909 0.3781100 0.1709456 0.2387674 0.2139877 0.2381186 0.2304931 0.3220426 0.1809908 0.1892353 0.1931515 0.1700053 0.1506760 0.1620040 0.1530020 0.1572284 0.1497480 0.1609610 0.1636253 0.1625482 0.1604844 0.1628382 0.1615904 0.1579835 0.1527746 0.1591296 0.1585416 0.2017725 0.1962152 0.1835064 0.1817748 0.1910144 0.1796384 0.1879736 0.1884545 0.1736285 0.1752242 0.1690325 0.2107044 0.1856780 0.1796264 0.1761234 0.1811909 0.1911719 0.1804756 0.2079195 0.1955722 0.1796264 0.2097520 0.1593821 0.1596960 0.1595709 0.1658540 0.1593564 0.1944665 0.1848238 0.1739954 0.1746274 0.1668982 0.2616752 0.2038868 0.2826987 0.1756888 0.1790973 0.1831054 0.1772807 0.1726642 0.1853550 0.1899107 0.1744068 0.1742227 0.1923617 0.1867964 0.1931402 0.1876638 0.1878455 0.1900369 0.1879128 0.1896058 0.1948202 0.1924223 0.1434710 0.1492502 0.1427049 0.1948651 0.1924751 0.1922690 0.1407701 0.1907570 0.1931456 0.1947322 0.1765472 0.1978309 0.1686251 0.2107941 0.1428682 0.1594830 0.1911963 0.1510893 0.1930871 0.1407884 0.2040600 0.1996224 0.1728935 0.1388018 
NM_001081787_1_Equus_caballus_brain_derived_neurot 0.0860595 0.1085423 0.1171223 0.0823815 0.0871209 0.0696297 0.1060567 0.0756735 0.1240578 0.0804133 0.0622218 0.1873552 0.0000000 0.1047722 0.1011557 0.0000010 0.2000532 0.1912192 0.1934965 0.1937917 0.1254852 0.1260558 0.0209827 0.0842584 0.1217858 0.1227208 0.1313818 0.1142683 0.0146839 0.1123032 0.1595989 0.1604245 0.1681925 0.1437296 0.2208099 0.0924580 0.0844571 0.0841346 0.0894390 0.0697209 0.0671170 0.0630857 0.0601522 0.0655090 0.0680021 0.0738773 0.0738773 0.0669856 0.0653644 0.0671221 0.0600693 0.0600091 0.0617311 0.0637052 0.0600091 0.1085744 0.1040534 0.1040534 0.1113324 0.1060046 0.1071650 0.1066616 0.0964803 0.0886337 0.0855947 0.0892680 0.1030668 0.1051154 0.1048454 0.1025149 0.1089525 0.1057624 0.1026320 0.1145219 0.1074797 0.1251947 0.0805116 0.0785777 0.0670009 0.0716826 0.0669298 0.0743385 0.0986152 0.0843096 0.0825926 0.0836397 0.1164301 0.0762938 0.1100869 0.0702883 0.0736086 0.0852012 0.0753607 0.0755600 0.0733837 0.0013537 0.0855705 0.0872043 0.0911433 0.0994070 0.0860626 0.0822773 0.0840335 0.0823815 0.0822930 0.0844793 0.0860656 0.0842183 0.0871817 0.0816856 0.0799299 0.0860476 0.0861564 0.0880137 0.0824404 0.0806994 0.0825267 0.0811547 0.1122616 0.0780981 0.0772544 0.0833234 0.1019676 0.0837099 0.1052483 0.0884766 0.0882465 0.0886120 0.2439658 0.2203860 0.0337257 0.0740033 
XM_012096129_4_PREDICTED_Ovis_aries_brain_derived_ 0.1019844 0.1327514 0.1384261 0.0944970 0.0614724 0.0844756 0.0081631 0.0731555 0.1414311 0.0965337 0.0809754 0.1867884 0.1047722 0.0000000 0.1241965 0.0000010 0.1869660 0.1725516 0.1745324 0.1811414 0.1244251 0.1277659 0.0454229 0.1041652 0.1484903 0.1427248 0.1240228 0.1348168 0.0146839 0.1427843 0.1548765 0.1411038 0.1595326 0.1472339 0.2150664 0.0939902 0.0986439 0.1011795 0.0945636 0.0863366 0.0881534 0.0762030 0.0897450 0.0816389 0.0863567 0.0749701 0.0749701 0.0859558 0.0878417 0.0897385 0.0820878 0.0857275 0.0838561 0.0860752 0.0857275 0.0313820 0.0067842 0.0067842 0.0068391 0.0081616 0.0053816 0.0040209 0.0702054 0.0594839 0.0604675 0.0604046 0.0427466 0.0444428 0.0394948 0.0395473 0.0458066 0.0383647 0.0395103 0.0386748 0.0413693 0.1299852 0.0891041 0.0737637 0.0772199 0.0825199 0.0808368 0.0935713 0.1119354 0.1036891 0.1033419 0.1003103 0.1146197 0.0887432 0.1012726 0.0793088 0.0723510 0.0753518 0.0776313 0.0717633 0.0790280 0.1027673 0.0864534 0.0860572 0.1032889 0.1027935 0.0944970 0.0943779 0.1000446 0.0944970 0.0982267 0.0949177 0.0945004 0.0925940 0.0957482 0.0975819 0.0957515 0.1001586 0.0964227 0.0945062 0.0994963 0.0997300 0.1016635 0.0981358 0.1137756 0.0821709 0.0887556 0.1040041 0.0962094 0.0882463 0.1017150 0.1016856 0.1081516 0.1052053 0.2251453 0.2089883 0.0976496 0.0966228 
XM_029555090_1_PREDICTED_Nannospalax_galili_brain_ 0.0838033 0.0864198 0.0519652 0.0968752 0.1059917 0.0900395 0.1129537 0.0785966 0.0682358 0.0855149 0.0980052 0.1918833 0.1011557 0.1241965 0.0000000 8.9999986 0.1716179 0.2143713 0.1761076 0.1743012 0.1097520 0.1056611 0.3253286 0.1141616 0.0988173 0.1054404 0.0978695 0.0940902 0.5960189 0.0561162 0.1745540 0.1598710 0.1899878 0.1739378 0.2501610 0.0966075 0.0803133 0.0943834 0.0753552 0.0867954 0.0873803 0.0761793 0.0753280 0.0800024 0.0835950 0.0815614 0.0803717 0.0798196 0.0745190 0.0718321 0.0740763 0.0697701 0.0731092 0.0814076 0.0884345 0.1319939 0.1175389 0.1149608 0.1158236 0.1179877 0.1288722 0.1194516 0.1209606 0.1166670 0.1106820 0.1679477 0.1212511 0.1265403 0.1183807 0.1141629 0.1259399 0.1241582 0.1469176 0.1276242 0.1267788 0.1211943 0.1051538 0.0960932 0.0854288 0.0899135 0.0853355 0.0974067 0.1133284 0.0914182 0.0931011 0.0919222 0.1641074 0.1238952 0.1799571 0.1174277 0.1298595 0.1092471 0.1094020 0.0991221 0.1149949 0.1031308 0.0999979 0.1000910 0.0797585 0.0962860 0.1006386 0.0950072 0.1023050 0.0968752 0.1005267 0.1028601 0.0970928 0.0952195 0.0850951 0.0868978 0.1190259 0.1024192 0.1043261 0.1062395 0.0880883 0.1083165 0.1081856 0.1054689 0.1017892 0.1326692 0.0690584 0.1403611 0.0850074 0.0648125 0.1260639 0.0771321 0.1514828 0.0859731 0.2411825 0.2335805 0.0939354 0.0666629 
XM_009007854_3_PREDICTED_Callithrix_jacchus_brain_ 0.0000010 8.9999985 0.0000010 9.0000000 0.0000010 0.0000010 0.0000010 0.0000010 8.9999988 0.0000010 0.2654428 4.3386725 0.0000010 0.0000010 8.9999986 0.0000000 0.0000010 8.9999982 0.0000010 0.0000010 0.0000010 0.0000010 0.8228966 0.5387216 8.9999986 8.9999988 0.0000010 8.9999987 0.2257825 0.0000010 0.0000010 0.0000010 0.0000010 0.0000010 0.0000010 0.1153197 0.0000010 0.0000010 0.0000010 0.0000010 0.0000010 0.0000010 0.0000010 0.0000010 0.0000010 0.0000010 0.0000010 0.0000010 0.0000010 0.0000010 0.0000010 0.0000010 0.0000010 0.0000010 0.0000010 0.0000010 0.0000010 0.0000010 8.9999990 0.0000010 0.0000010 0.0000010 0.0000010 0.0000010 0.0000010 0.7974931 0.0000010 0.0000010 0.0000010 0.0000010 0.0000010 0.0000010 8.9999989 0.0000010 0.0000010 0.0000010 0.0000010 0.0000010 0.0000010 0.0000010 0.0000010 0.0000010 0.0000010 0.0000010 0.0000010 0.0000010 0.0000010 0.0000010 8.9999984 0.0000010 0.2058061 0.0000010 0.0000010 0.0000010 0.2370892 0.0000010 0.0000010 0.0000010 8.9999989 0.0000010 9.0000000 8.9999987 9.0000000 9.0000000 9.0000000 9.0000000 9.0000000 9.0000000 0.0000010 0.0000010 8.9999983 9.0000000 9.0000000 9.0000000 0.0000010 8.9999988 8.9999988 0.0000010 0.0000010 0.2433247 0.0000010 0.3190716 0.0000010 0.0000010 0.0000010 0.0000010 8.9999986 0.0000010 0.0000010 0.0000010 0.0000010 0.0000010 
XM_031944159_1_PREDICTED_Sarcophilus_harrisii_brai 0.1612992 0.1845998 0.1950995 0.1566278 0.1731725 0.1873966 0.1786268 0.1802288 0.2002463 0.1589180 0.1805817 0.0772713 0.2000532 0.1869660 0.1716179 0.0000010 0.0000000 0.0872229 0.0711843 0.0672494 0.1931919 0.1832559 0.0934287 0.1776971 0.2065301 0.2010352 0.1825327 0.1845244 0.0498881 0.1697585 0.2017977 0.1913965 0.2054564 0.2156851 0.2976119 0.1762601 0.1747254 0.1686658 0.1724799 0.1785228 0.1915897 0.1704918 0.1748870 0.1820940 0.1728879 0.1828881 0.1777842 0.1778030 0.1820910 0.1768793 0.1795765 0.1701585 0.1768343 0.1752612 0.1737998 0.1890796 0.1840028 0.1788348 0.1837771 0.1869923 0.1905916 0.1842872 0.1756643 0.1728048 0.1633536 0.1671274 0.1813467 0.1763198 0.1825001 0.1779362 0.1892332 0.1805557 0.1791847 0.1981736 0.1807282 0.2304884 0.1820490 0.1692778 0.1747986 0.1862109 0.1750277 0.1935600 0.2207332 0.2039693 0.1928847 0.1953536 0.2244806 0.1810022 0.2064946 0.1693152 0.1706430 0.1654591 0.1774844 0.1697838 0.1925397 0.1973930 0.1702635 0.1700745 0.1705314 0.2032019 0.1541524 0.1589316 0.1586506 0.1566278 0.1587196 0.1573818 0.1608339 0.1585170 0.1545642 0.1593253 0.1597436 0.1680668 0.1610415 0.1608512 0.1580929 0.1592747 0.1615980 0.1629381 0.1797180 0.1832480 0.1850298 0.1795489 0.1727701 0.1759921 0.1976319 0.1737645 0.1648728 0.1703293 0.1820305 0.1722334 0.1819162 0.1618090 
XM_020977976_1_PREDICTED_Phascolarctos_cinereus_br 0.1751304 0.2625891 0.2036434 0.2131568 0.1839581 0.1782804 0.1751777 0.1555158 0.2164542 0.1692243 0.2142528 0.1081523 0.1912192 0.1725516 0.2143713 8.9999982 0.0872229 0.0000000 0.0695212 0.0521953 0.1998752 0.1943090 0.3089591 0.2459394 0.2938557 0.2842766 0.1996898 0.2625280 0.4597023 0.1995545 0.2526419 0.2330283 0.2515730 0.2283686 0.3123688 0.2287182 0.1758517 0.1838779 0.1825712 0.1784711 0.1809267 0.1612593 0.1645950 0.1729436 0.1708932 0.1535977 0.1532495 0.1676497 0.1700559 0.1716148 0.1672729 0.1621379 0.1686629 0.1678768 0.1862144 0.1862125 0.1736598 0.1727421 0.1871789 0.1654792 0.1731525 0.1742179 0.1762596 0.1756092 0.1697490 0.2193908 0.1878154 0.1821162 0.1882973 0.1788332 0.1959084 0.1824979 0.1848330 0.1928254 0.1777206 0.2292736 0.1698610 0.1606111 0.1672974 0.1738244 0.1670649 0.2059300 0.1972028 0.1809035 0.1923644 0.1873024 0.2579872 0.1664660 0.2361378 0.1703375 0.2022275 0.1754943 0.1807158 0.1651196 0.2365091 0.1938156 0.1789228 0.1751795 0.1889567 0.1928637 0.2164979 0.2156933 0.2108457 0.2131568 0.2109128 0.2193130 0.2182680 0.2157056 0.1716253 0.1750448 0.2226680 0.2228999 0.2152056 0.2149817 0.1650829 0.2084491 0.2109718 0.1847444 0.1859903 0.2250053 0.1772500 0.2231908 0.1690262 0.1739038 0.1919232 0.1842310 0.2326555 0.1527272 0.2121510 0.2125827 0.1925643 0.1670593 
XM_036763631_1_PREDICTED_Trichosurus_vulpecula_bra 0.1505246 0.1920449 0.2021531 0.1419770 0.1613754 0.1562665 0.1736664 0.1561255 0.1895527 0.1499678 0.1510170 0.0550105 0.1934965 0.1745324 0.1761076 0.0000010 0.0711843 0.0695212 0.0000000 0.0402380 0.1731603 0.1679189 0.0864176 0.1800722 0.2161468 0.2082377 0.2010032 0.1897156 0.0302934 0.1989646 0.2463560 0.2063282 0.2198408 0.2126409 0.3093578 0.1743855 0.1727361 0.1696162 0.1717106 0.1498039 0.1589206 0.1446057 0.1536917 0.1420961 0.1443790 0.1538310 0.1538310 0.1518088 0.1582790 0.1605916 0.1535446 0.1492056 0.1556201 0.1536696 0.1492056 0.1810788 0.1712385 0.1712385 0.1811009 0.1654100 0.1778782 0.1749678 0.1657954 0.1759617 0.1710183 0.1712409 0.1840400 0.1796360 0.1809067 0.1812499 0.1917841 0.1788310 0.1787209 0.1938124 0.1796360 0.2129692 0.1612590 0.1627376 0.1600809 0.1653438 0.1556840 0.1642304 0.1815078 0.1796551 0.1800362 0.1707458 0.2399619 0.1557191 0.2076735 0.1665143 0.1659956 0.1720230 0.1681347 0.1687586 0.1803554 0.1960620 0.1722578 0.1708313 0.1417498 0.1989788 0.1447987 0.1441923 0.1379218 0.1419770 0.1399465 0.1471237 0.1464333 0.1441989 0.1468820 0.1572914 0.1506028 0.1533481 0.1465834 0.1464068 0.1469257 0.1404180 0.1426342 0.1458898 0.1768436 0.1700819 0.1721462 0.1638808 0.1488941 0.1605365 0.1748743 0.1548221 0.1486581 0.1476104 0.1855448 0.1890964 0.1807684 0.1511644 
XM_027852578_1_PREDICTED_Vombatus_ursinus_brain_de 0.1508613 0.2041655 0.2080122 0.1422652 0.1778564 0.1663040 0.1853503 0.1761708 0.1996717 0.1461941 0.1612237 0.0616543 0.1937917 0.1811414 0.1743012 0.0000010 0.0672494 0.0521953 0.0402380 0.0000000 0.1894438 0.1839209 0.0966010 0.1792637 0.2225092 0.2143817 0.1978899 0.2051574 0.0302934 0.2076651 0.2594792 0.2296561 0.2395056 0.2340271 0.3334367 0.1834876 0.1771985 0.1739835 0.1806199 0.1617235 0.1694354 0.1544920 0.1578841 0.1519098 0.1586239 0.1737485 0.1737485 0.1602241 0.1625771 0.1649433 0.1624135 0.1579362 0.1645492 0.1582816 0.1579362 0.1862010 0.1828299 0.1828299 0.1890952 0.1767095 0.1846057 0.1837707 0.1773498 0.1839557 0.1787575 0.1789960 0.1823223 0.1779049 0.1886066 0.1839701 0.1900286 0.1815589 0.1814167 0.1968453 0.1823524 0.2180776 0.1637529 0.1610915 0.1684011 0.1741456 0.1681630 0.1705312 0.1907589 0.1824891 0.1846667 0.1751165 0.2440975 0.1661397 0.2340187 0.1777841 0.1684856 0.1741634 0.1750543 0.1713131 0.1804324 0.1912080 0.1722028 0.1707542 0.1519326 0.2044085 0.1451034 0.1444930 0.1409197 0.1422652 0.1402238 0.1474424 0.1467469 0.1444996 0.1472023 0.1534466 0.1467652 0.1516409 0.1448575 0.1446813 0.1472431 0.1406988 0.1429273 0.1462031 0.1795518 0.1699951 0.1742920 0.1701269 0.1541267 0.1654092 0.1837093 0.1630835 0.1447441 0.1360555 0.1992994 0.1963960 0.1808503 0.1439974 
XM_040980297_1_PREDICTED_Ochotona_curzoniae_brain_ 0.0693587 0.1180110 0.1217067 0.0708526 0.1093747 0.0874632 0.1152990 0.0986733 0.1302642 0.0748348 0.0846389 0.1742922 0.1254852 0.1244251 0.1097520 0.0000010 0.1931919 0.1998752 0.1731603 0.1894438 0.0000000 0.0052850 0.0313439 0.0900609 0.1307386 0.1235143 0.1382228 0.1239049 0.0235604 0.1218214 0.2017291 0.1882951 0.2098751 0.1921822 0.2859898 0.0858630 0.0846651 0.0806269 0.0823191 0.0820216 0.0873285 0.0873746 0.0918819 0.0723296 0.0777451 0.1005525 0.0968046 0.0952150 0.0896864 0.0881967 0.0952764 0.0881608 0.0934832 0.0994516 0.0906106 0.1267578 0.1178587 0.1133222 0.1284786 0.1183019 0.1290354 0.1217507 0.1325142 0.1320602 0.1232266 0.1262385 0.1195316 0.1187388 0.1111182 0.1145896 0.1260914 0.1184957 0.1135273 0.1194654 0.1152347 0.1260639 0.1059540 0.1030371 0.0792715 0.0878289 0.0791858 0.0834124 0.1031787 0.0950402 0.0857517 0.0845239 0.1693705 0.0872263 0.1594889 0.1230184 0.1110279 0.1209037 0.1186474 0.1104525 0.0941176 0.1275942 0.1172515 0.1120854 0.0651372 0.1117659 0.0743551 0.0691145 0.0725983 0.0708526 0.0709254 0.0763509 0.0743576 0.0726003 0.0739444 0.0756370 0.0738877 0.0743385 0.0725835 0.0708357 0.0687484 0.0710313 0.0709418 0.0730894 0.1089918 0.0790264 0.0844484 0.0842615 0.0797351 0.0649199 0.1220484 0.0777817 0.0965173 0.0985588 0.2682062 0.2613856 0.0996922 0.0752048 
XM_004585440_1_PREDICTED_Ochotona_princeps_brain_d 0.0657049 0.1146289 0.1134158 0.0639829 0.1053033 0.0871138 0.1185100 0.0982818 0.1220104 0.0711037 0.0843008 0.1717368 0.1260558 0.1277659 0.1056611 0.0000010 0.1832559 0.1943090 0.1679189 0.1839209 0.0052850 0.0000000 0.0313439 0.0862512 0.1220072 0.1149663 0.1375986 0.1205193 0.0235604 0.1149816 0.1983431 0.1873742 0.2087966 0.1933813 0.2883735 0.0819814 0.0809145 0.0769490 0.0786237 0.0816980 0.0869671 0.0870266 0.0880491 0.0720541 0.0740848 0.1001386 0.0964223 0.0876371 0.0857572 0.0844117 0.0912802 0.0843788 0.0896411 0.0953884 0.0867774 0.1299791 0.1211830 0.1165284 0.1358805 0.1216323 0.1323959 0.1249816 0.1358750 0.1354100 0.1264161 0.1294525 0.1228566 0.1219510 0.1143132 0.1177866 0.1295329 0.1218412 0.1167411 0.1229940 0.1184525 0.1254822 0.1019036 0.1026217 0.0789701 0.0874628 0.0755121 0.0762547 0.0989823 0.0909666 0.0819454 0.0806359 0.1705905 0.0868858 0.1628870 0.1224885 0.1068743 0.1128795 0.1144074 0.1063189 0.0937315 0.1281765 0.1167546 0.1116195 0.0616565 0.1122711 0.0674115 0.0622816 0.0656919 0.0639829 0.0640471 0.0693461 0.0707355 0.0690007 0.0667416 0.0718620 0.0701319 0.0707163 0.0689837 0.0672584 0.0652113 0.0674421 0.0673570 0.0694581 0.1048067 0.0753007 0.0804248 0.0804672 0.0794301 0.0614452 0.1176495 0.0741189 0.0890946 0.0909385 0.2718080 0.2649902 0.1001107 0.0716039 
XM_013019592_1_PREDICTED_Dipodomys_ordii_brain_der 0.0433884 1.7686336 0.0433925 1.6351897 0.0257007 0.0284976 0.0385828 0.0452572 0.3530824 0.0433884 0.2598247 0.2889443 0.0209827 0.0454229 0.3253286 0.8228966 0.0934287 0.3089591 0.0864176 0.0966010 0.0313439 0.0313439 0.0000000 0.1376686 1.9508952 1.8781812 0.0250292 2.1086685 0.4413916 0.0724766 0.0607808 0.0382802 0.0609655 0.0531096 0.0696684 0.1886999 0.0449662 0.3041370 0.0372171 0.0210686 0.0350446 0.0358154 0.0321724 0.0284938 0.0395964 0.0436023 0.0452572 0.0288819 0.0288819 0.0321724 0.0213510 0.0254207 0.0254207 0.0213510 0.1537603 0.0529003 0.0360952 0.0385828 0.1313249 0.0360952 0.0454229 0.0469245 0.0382129 0.0382129 0.0384746 0.2054528 0.0288018 0.0320934 0.0320934 0.0320934 0.0431577 0.0374214 0.7905343 0.0291754 0.0320934 0.0690555 0.0251201 0.0251201 0.0250263 0.0348570 0.0250263 0.2059874 0.0359710 0.0366391 0.0384621 0.0359710 0.0764345 0.1084882 1.5599322 0.0438375 0.0687057 0.0316271 0.0433745 0.0251354 0.2607214 0.0209827 0.0186262 0.0251354 0.7112820 0.0139383 1.5155998 1.5876345 1.6239075 1.6334584 1.6351897 1.5155998 1.5155998 1.5155998 0.0460852 0.0460852 0.5318489 1.5825806 1.5502164 1.5893477 0.0383104 1.5642405 1.5204792 0.4035286 0.0521854 0.2611846 0.0447318 0.2918809 0.0316634 0.0316634 0.0531899 0.0389351 2.1374133 0.0517385 0.0862308 0.0866672 0.0250278 0.0316634 
XM_020177315_1_PREDICTED_Castor_canadensis_brain_d 0.0594262 0.2769696 0.0914713 0.2415187 0.0864789 0.0705552 0.1005001 0.0786065 0.1416492 0.0646325 0.0985956 0.2064953 0.0842584 0.1041652 0.1141616 0.5387216 0.1776971 0.2459394 0.1800722 0.1792637 0.0900609 0.0862512 0.1376686 0.0000000 0.3027617 0.2889393 0.1083507 0.2929303 0.3007544 0.0836558 0.1673801 0.1608394 0.1886150 0.1667174 0.2624630 0.0875100 0.0583174 0.1061829 0.0593262 0.0706217 0.0717666 0.0699121 0.0651403 0.0648397 0.0724923 0.0810056 0.0803814 0.0687100 0.0635807 0.0651362 0.0652381 0.0617280 0.0666888 0.0723661 0.0897765 0.1113733 0.0997825 0.0985882 0.1266975 0.1001748 0.1059996 0.1046521 0.1022326 0.0982458 0.0940425 0.1292788 0.0956856 0.0946950 0.0945389 0.0943493 0.1011324 0.0995954 0.2212650 0.0979197 0.0968664 0.1126762 0.0865105 0.0793273 0.0704541 0.0756903 0.0703802 0.1173242 0.1017777 0.0808902 0.0861031 0.0819337 0.1304765 0.0910807 0.3373475 0.1062996 0.0896990 0.0995159 0.0995449 0.0914441 0.1015776 0.0843672 0.0959326 0.0954954 0.1706652 0.0805513 0.2406598 0.2360635 0.2385111 0.2412863 0.2411796 0.2442132 0.2361290 0.2335328 0.0601685 0.0653077 0.1389797 0.2620577 0.2585483 0.2625690 0.0610203 0.2548129 0.2518967 0.1296763 0.0859319 0.1106640 0.0576581 0.1274854 0.0751863 0.0582233 0.1004720 0.0671493 0.3170927 0.0736614 0.2335539 0.2343304 0.0711934 0.0563805 
XM_021151236_2_PREDICTED_Mus_caroli_brain_derived_ 0.1044498 0.0376319 0.0027770 0.1620476 0.1340369 0.1053289 0.1409543 0.1023873 0.0789930 0.1062750 0.2631017 0.2010465 0.1217858 0.1484903 0.0988173 8.9999986 0.2065301 0.2938557 0.2161468 0.2225092 0.1307386 0.1220072 1.9508952 0.3027617 0.0000000 0.0161986 0.1248100 0.0361425 8.9999986 0.0440618 0.1935412 0.1779682 0.1927457 0.1801895 0.2357845 0.3139403 0.1123030 0.1112362 0.1134151 0.1007325 0.1227868 0.0947194 0.0976156 0.1007912 0.0979508 0.1044206 0.1044206 0.0935933 0.0916002 0.0914790 0.0974450 0.0935465 0.0973894 0.1018240 0.0935465 0.1551898 0.1411337 0.1411337 0.1456205 0.1416635 0.1537355 0.1463385 0.1238612 0.1194598 0.1173388 0.3231877 0.1347272 0.1436143 0.1345038 0.1298250 0.1401971 0.1361724 0.1946562 0.1423847 0.1439230 0.1424874 0.1238664 0.1092405 0.1014775 0.1021348 0.0975427 0.1051234 0.1148865 0.1092278 0.1052612 0.1040883 0.1684232 0.1092098 0.2195873 0.1213075 0.2866498 0.1185412 0.1110776 0.1114313 0.2896120 0.1239437 0.1258501 0.1260401 0.1012351 0.1264418 0.1667968 0.1596890 0.1687225 0.1596890 0.1665683 0.1698267 0.1711368 0.1687326 0.0990016 0.1066226 0.2277313 0.1731412 0.1748771 0.1804017 0.1088413 0.1830742 0.1855448 0.1074429 0.1226126 0.2910915 0.0812518 0.2993935 0.1028840 0.0896371 0.1452296 0.1030857 0.2719922 0.0972795 0.2862326 0.2666735 0.1135510 0.0950468 
XM_021192829_2_PREDICTED_Mus_pahari_brain_derived_ 0.1016814 0.0433584 0.0055376 0.1606275 0.1244646 0.1043745 0.1353376 0.0996398 0.0801896 0.1034885 0.2638397 0.1958499 0.1227208 0.1427248 0.1054404 8.9999988 0.2010352 0.2842766 0.2082377 0.2143817 0.1235143 0.1149663 1.8781812 0.2889393 0.0161986 0.0000000 0.1243690 0.0418117 8.9999985 0.0459774 0.1967628 0.1811186 0.1958959 0.1737471 0.2387244 0.2996429 0.1054813 0.1044995 0.1066245 0.0998257 0.1284720 0.0920673 0.0986772 0.0980562 0.0938387 0.1016460 0.1016460 0.0946738 0.0926899 0.0925683 0.0985053 0.0946263 0.0984498 0.1028665 0.0946263 0.1492969 0.1355104 0.1355104 0.1428256 0.1360230 0.1478502 0.1406073 0.1208185 0.1164776 0.1143848 0.3193531 0.1292796 0.1380024 0.1290794 0.1244877 0.1344630 0.1307267 0.1854503 0.1364571 0.1382911 0.1390784 0.1208132 0.1063769 0.0987217 0.1021309 0.0948363 0.1043571 0.1119253 0.1063234 0.1024073 0.1012767 0.1646948 0.1064966 0.2260055 0.1222588 0.2822855 0.1154927 0.1120835 0.1084902 0.2810994 0.1248676 0.1226885 0.1228735 0.0947235 0.1232568 0.1653312 0.1582915 0.1672420 0.1582915 0.1651066 0.1683273 0.1696330 0.1672519 0.0962902 0.1038221 0.2277181 0.1716192 0.1733444 0.1788114 0.1039846 0.1790243 0.1814581 0.1066594 0.1195604 0.2826133 0.0812492 0.2876572 0.1039285 0.0870315 0.1460832 0.1003133 0.2731647 0.0945753 0.2794126 0.2654889 0.1145289 0.0923818 
XM_004660846_2_PREDICTED_Jaculus_jaculus_brain_der 0.1116148 0.1127387 0.1161432 0.1065065 0.1184294 0.1162995 0.1125900 0.1187799 0.1214875 0.1093653 0.1178234 0.1692129 0.1313818 0.1240228 0.0978695 0.0000010 0.1825327 0.1996898 0.2010032 0.1978899 0.1382228 0.1375986 0.0250292 0.1083507 0.1248100 0.1243690 0.0000000 0.1147163 0.0113047 0.1228325 0.1666001 0.1405887 0.1646092 0.1459643 0.2342498 0.1072729 0.1030331 0.0985751 0.1025500 0.1196346 0.1216990 0.1182962 0.1130344 0.1107485 0.1110530 0.1215231 0.1167550 0.1134570 0.1155376 0.1108899 0.1132523 0.1087267 0.1087964 0.1177995 0.1114860 0.1275433 0.1173290 0.1127292 0.1258106 0.1177797 0.1287263 0.1232254 0.1258369 0.1211479 0.1128819 0.1157962 0.1052087 0.1013427 0.0986933 0.1006272 0.1133478 0.1040922 0.1033972 0.1191149 0.1015152 0.1648420 0.1089925 0.1049868 0.0982969 0.1088698 0.0981833 0.1204489 0.1342241 0.1170394 0.1158117 0.1137032 0.1562383 0.1126702 0.1356227 0.1192636 0.1073671 0.1097649 0.1149419 0.1049759 0.0929645 0.1335841 0.1155457 0.1192512 0.1163356 0.1317264 0.1104466 0.1045510 0.1121683 0.1065065 0.1103181 0.1128020 0.1104509 0.1084731 0.1115015 0.1112287 0.1093074 0.1141566 0.1121663 0.1120290 0.1031678 0.1098512 0.1078877 0.1084014 0.1290450 0.1189509 0.1234149 0.1240427 0.1093255 0.1025256 0.1446704 0.1131328 0.1207967 0.1239861 0.2530060 0.2335502 0.1177032 0.1019404 
XM_032903861_1_PREDICTED_Rattus_rattus_brain_deriv 0.1040049 0.0074307 0.0261366 0.1641346 0.1233630 0.1087987 0.1255879 0.0967274 0.0666442 0.1039320 0.2664875 0.1855909 0.1142683 0.1348168 0.0940902 8.9999987 0.1845244 0.2625280 0.1897156 0.2051574 0.1239049 0.1205193 2.1086685 0.2929303 0.0361425 0.0418117 0.1147163 0.0000000 8.9999987 0.0360299 0.1878514 0.1769768 0.2068923 0.1820815 0.2430315 0.3002238 0.1019108 0.1009824 0.1011778 0.1054365 0.1226656 0.0922823 0.0987925 0.1022756 0.0977646 0.0987001 0.0987001 0.0911661 0.0928970 0.0909548 0.0946945 0.0909149 0.0946413 0.0989271 0.0909149 0.1425936 0.1277915 0.1277915 0.1357835 0.1267549 0.1397837 0.1327449 0.1179334 0.1136417 0.1115718 0.3225499 0.1321892 0.1347765 0.1319796 0.1274021 0.1374514 0.1295738 0.1938157 0.1395163 0.1350529 0.1472815 0.1220341 0.1098619 0.0947455 0.0980197 0.0909569 0.1069861 0.1186517 0.1062324 0.1090795 0.1059053 0.1658697 0.1075550 0.2131395 0.1210099 0.2894797 0.1152262 0.1118814 0.1083519 0.2953066 0.1163324 0.1234442 0.1251379 0.0960467 0.1127079 0.1688045 0.1618142 0.1664576 0.1618142 0.1685774 0.1717895 0.1730669 0.1707022 0.1005128 0.1042633 0.2256437 0.1706951 0.1723954 0.1777684 0.1062970 0.1801756 0.1825795 0.1089681 0.1214934 0.2939167 0.0839680 0.3075018 0.0999688 0.0874356 0.1378609 0.1029903 0.2606478 0.0983133 0.2608915 0.2525724 0.1045048 0.0966205 
XM_031371313_1_PREDICTED_Mastomys_coucha_brain_der 0.0300169 8.9999981 0.0146327 6.1168174 0.0235604 0.0146839 0.0235604 0.0235604 0.6924266 0.0300169 0.1616233 0.3781100 0.0146839 0.0146839 0.5960189 0.2257825 0.0498881 0.4597023 0.0302934 0.0302934 0.0235604 0.0235604 0.4413916 0.3007544 8.9999986 8.9999985 0.0113047 8.9999987 0.0000000 0.0000010 0.0361688 0.0621746 0.0626702 0.0639098 0.0458617 0.1138393 0.0703716 0.7988295 0.0596747 0.0300169 0.0239398 0.0303021 0.0361688 0.0302934 0.0358998 0.0146839 0.0235604 0.0303021 0.0303021 0.0361688 0.0303021 0.0361688 0.0361688 0.0303021 0.4000123 0.0361604 0.0146839 0.0235604 8.9999987 0.0146839 0.0146839 0.0235604 0.0166725 0.0166725 0.0235604 0.3680374 0.0302934 0.0361604 0.0361604 0.0361604 0.0302934 0.0503315 1.5420280 0.0302934 0.0361604 0.0300169 0.0235604 0.0235604 0.0235604 0.0239398 0.0235604 0.3872640 0.0302934 0.0302934 0.0361604 0.0302934 0.0334258 0.1817876 8.9999981 0.0452797 0.0812921 0.0365240 0.0452797 0.0235604 0.1415190 0.0146839 0.0358948 0.0358948 1.8067564 0.0146839 5.1881375 5.3838730 5.7361238 5.3796912 6.1168174 5.7018429 5.5223471 5.1881375 0.0341834 0.0341834 1.5212506 5.6166099 5.4577846 5.7361238 0.0235604 5.3838730 5.7361238 0.8270466 0.0300980 0.2361805 0.0239398 0.2433145 0.0367160 0.0365240 0.0508506 0.0235604 8.5985568 0.0146839 0.0827920 0.0827920 0.0235604 0.0235604 
